log_id,user_id,log_date,symptom,severity
53276779,none_01,2024-01-01,cramps,4
03ba1e4d,none_01,2024-01-02,cramps,5
5c760a12,none_01,2024-01-02,bloating,4
122c4e61,none_01,2024-01-03,cramps,2
6c8f569a,none_01,2024-01-03,bloating,3
95f7412f,none_01,2024-01-04,bloating,5
3e06c4ee,none_01,2024-01-05,cramps,4
06dad3f6,none_01,2024-01-05,fatigue,3
50327c07,none_01,2024-01-06,cramps,5
fe6af0b8,none_01,2024-01-06,bloating,3
d00b0c91,none_01,2024-01-07,cramps,2
c8f1dff7,none_01,2024-01-07,fatigue,4
989a6964,none_01,2024-01-07,headache,5
82a187df,none_01,2024-01-08,cramps,5
5e62b848,none_01,2024-01-08,bloating,3
1ecf7a3a,none_01,2024-01-08,mood_swings,4
af1dac71,none_01,2024-01-29,cramps,2
b8719bb0,none_01,2024-01-29,mood_swings,3
f481bfc0,none_01,2024-01-30,cramps,5
e504972c,none_01,2024-01-30,fatigue,2
2844b06e,none_01,2024-01-31,cramps,4
0a9359f7,none_01,2024-01-31,mood_swings,4
45600f0e,none_01,2024-02-01,mood_swings,3
c6b53819,none_01,2024-02-01,headache,4
c1d96b19,none_01,2024-02-02,mood_swings,4
5e9e593d,none_01,2024-02-03,mood_swings,4
8ad594a6,none_01,2024-02-03,headache,4
352d7bb2,none_01,2024-02-04,mood_swings,2
6fadcefb,none_01,2024-02-04,fatigue,2
dcf9ab0f,none_01,2024-02-04,headache,5
596bba24,none_01,2024-02-05,fatigue,5
49ae1808,none_01,2024-02-27,cramps,3
47a18fc2,none_01,2024-02-28,cramps,4
f85a2810,none_01,2024-02-28,bloating,5
4854644a,none_01,2024-02-28,mood_swings,3
366a74f5,none_01,2024-02-28,fatigue,2
7e94a31e,none_01,2024-02-29,cramps,3
cf147441,none_01,2024-02-29,bloating,2
d4353086,none_01,2024-02-29,mood_swings,2
61fc6f4b,none_01,2024-02-29,headache,3
09dae107,none_01,2024-03-01,cramps,5
9c7d6f62,none_01,2024-03-01,bloating,3
0b58d140,none_01,2024-03-02,cramps,5
0e73399c,none_01,2024-03-02,mood_swings,2
da29c18c,none_01,2024-03-03,cramps,2
bde4f509,none_01,2024-03-03,fatigue,5
5049977f,none_01,2024-03-04,bloating,3
2b158404,none_01,2024-03-04,mood_swings,5
3ef74c9e,none_01,2024-03-04,fatigue,3
51f0dd45,none_01,2024-03-04,headache,3
08de65db,none_01,2024-03-05,bloating,2
c4ab6887,none_01,2024-03-05,mood_swings,2
69f33d44,none_01,2024-03-28,cramps,3
1c0b7698,none_01,2024-03-28,fatigue,2
1812b500,none_01,2024-03-29,cramps,5
965e9179,none_01,2024-03-29,bloating,5
80617b4b,none_01,2024-03-29,mood_swings,4
1635a135,none_01,2024-03-29,fatigue,2
efe7eeb6,none_01,2024-03-30,cramps,4
ca1f73cb,none_01,2024-03-30,bloating,5
7bed0532,none_01,2024-03-30,headache,2
a15060d8,none_01,2024-03-31,bloating,2
02be1502,none_01,2024-03-31,fatigue,2
9ec15ec0,none_01,2024-04-01,cramps,2
518b25d2,none_01,2024-04-02,bloating,4
3b513d3e,none_01,2024-04-02,mood_swings,5
1be985f3,none_01,2024-04-02,fatigue,4
5c740a7d,none_01,2024-04-03,mood_swings,2
1565d576,none_01,2024-04-03,fatigue,3
d3e15086,none_01,2024-04-04,cramps,4
27136549,none_01,2024-04-04,headache,4
80e61dbc,none_01,2024-04-05,cramps,2
73234aaf,none_01,2024-04-05,headache,3
d043a00b,none_01,2024-04-27,bloating,4
f107ea8b,none_01,2024-04-27,headache,4
f37827ad,none_01,2024-04-28,cramps,4
08fc8fb6,none_01,2024-04-28,fatigue,5
a556beaf,none_01,2024-04-29,cramps,4
2de4bd10,none_01,2024-04-29,fatigue,5
b4bdf0a5,none_01,2024-04-30,cramps,2
cc82e69a,none_01,2024-04-30,bloating,3
f47ff81f,none_01,2024-05-01,cramps,3
070a8b4c,none_01,2024-05-01,bloating,4
0f91fa65,none_01,2024-05-02,bloating,3
94f2bdf0,none_01,2024-05-03,headache,3
4e6729c8,none_01,2024-05-04,fatigue,4
0658b520,none_01,2024-05-23,bloating,3
70925cb8,none_01,2024-05-23,fatigue,2
d2a1306e,none_01,2024-05-24,cramps,5
8637e534,none_01,2024-05-24,bloating,3
63568b2f,none_01,2024-05-24,mood_swings,3
8e6d8621,none_01,2024-05-24,headache,2
1d0b91a0,none_01,2024-05-25,bloating,5
f613acb1,none_01,2024-05-26,cramps,4
41e5e954,none_01,2024-05-26,bloating,4
ffaeceb3,none_01,2024-05-26,mood_swings,5
ef8b7650,none_01,2024-05-27,cramps,2
958a0ca3,none_01,2024-05-27,bloating,3
53fb22b7,none_01,2024-05-27,mood_swings,5
b17624e2,none_01,2024-05-27,fatigue,3
4aaa0317,none_01,2024-05-28,cramps,4
810aa309,none_01,2024-05-28,fatigue,4
283c5e6e,none_01,2024-05-29,cramps,4
29d7b7ee,none_01,2024-05-29,bloating,4
9ad5981b,none_01,2024-05-29,fatigue,5
79c8dcc0,none_01,2024-06-19,cramps,2
83242be7,none_01,2024-06-19,bloating,3
244cb726,none_01,2024-06-20,cramps,5
a9fa2f26,none_01,2024-06-21,mood_swings,4
823a1e46,none_01,2024-06-21,fatigue,3
34a78b06,none_01,2024-06-22,cramps,3
e5819181,none_01,2024-06-22,bloating,2
870be88c,none_01,2024-06-22,mood_swings,5
338863d4,none_01,2024-06-23,cramps,3
5e132eef,none_01,2024-06-23,mood_swings,5
daaa4d97,none_01,2024-06-23,fatigue,2
62cf1137,none_01,2024-06-24,fatigue,5
bdc37e76,none_01,2024-06-24,headache,3
91684902,none_01,2024-06-25,bloating,3
ea0d4c4f,none_01,2024-06-26,cramps,5
0caa9135,none_01,2024-06-27,cramps,3
f360f693,none_01,2024-06-27,fatigue,3
aab64c79,none_01,2024-07-18,cramps,4
7619b193,none_01,2024-07-18,bloating,4
e0de0ba8,none_01,2024-07-18,mood_swings,2
77516bd0,none_01,2024-07-18,fatigue,3
c190a6de,none_01,2024-07-19,cramps,3
ab970e58,none_01,2024-07-19,bloating,5
855ff507,none_01,2024-07-19,mood_swings,5
ca716a94,none_01,2024-07-19,headache,5
eeb05933,none_01,2024-07-20,cramps,2
19017a5a,none_01,2024-07-20,headache,4
d0ecc412,none_01,2024-07-21,cramps,5
f8dbcf3d,none_01,2024-07-22,cramps,3
8263efae,none_01,2024-07-22,bloating,4
f4aa557f,none_01,2024-07-22,fatigue,4
11799191,none_01,2024-07-24,cramps,5
c6318479,none_01,2024-07-24,fatigue,5
d13b9b98,none_01,2024-07-24,headache,5
24715a41,none_01,2024-07-25,cramps,4
279fa3eb,none_01,2024-07-25,bloating,3
97031f30,none_01,2024-07-26,cramps,5
758a17e8,none_01,2024-07-26,bloating,2
7c55fe92,none_01,2024-07-26,headache,4
13fdd9cb,none_01,2024-07-27,cramps,2
8322b141,none_01,2024-08-15,cramps,3
004492e2,none_01,2024-08-15,bloating,2
c2f6e90e,none_01,2024-08-15,fatigue,4
534076bc,none_01,2024-08-16,cramps,2
50461aba,none_01,2024-08-16,mood_swings,4
74f1da41,none_01,2024-08-16,fatigue,2
91d77e0a,none_01,2024-08-17,cramps,5
78df9e65,none_01,2024-08-17,bloating,3
1ea3f647,none_01,2024-08-17,mood_swings,3
e306bfff,none_01,2024-08-17,fatigue,4
c2b2a04e,none_01,2024-08-18,cramps,2
af92ed55,none_01,2024-08-18,fatigue,5
a877bb3d,none_01,2024-08-19,cramps,4
62c33ba1,none_01,2024-08-19,bloating,5
cc97b8bd,none_01,2024-08-19,fatigue,4
99696491,none_01,2024-08-21,cramps,5
8a94bd63,none_01,2024-08-21,bloating,4
5b1e0847,none_01,2024-08-21,mood_swings,3
2f142047,none_01,2024-08-21,headache,5
d275906b,none_01,2024-08-22,cramps,5
e5819ae1,none_01,2024-09-12,cramps,4
e17b3935,none_01,2024-09-12,bloating,4
8a004918,none_01,2024-09-12,headache,3
9b2f3e42,none_01,2024-09-13,bloating,3
d5444595,none_01,2024-09-14,bloating,3
6d26e9f9,none_01,2024-09-14,fatigue,4
2ef339de,none_01,2024-09-15,cramps,5
5aa0ea3a,none_01,2024-09-16,cramps,3
0d493738,none_01,2024-09-16,bloating,3
a16c22ba,none_01,2024-09-16,mood_swings,3
dc7178c1,none_01,2024-09-16,fatigue,5
8e63d35b,none_01,2024-09-16,headache,4
742b8627,none_01,2024-09-17,mood_swings,4
010f30f2,none_01,2024-09-17,fatigue,2
dedc43bb,none_01,2024-09-18,cramps,2
d33eb640,none_01,2024-09-18,headache,5
41113ba9,none_01,2024-09-19,cramps,2
7dbf412d,none_01,2024-09-19,headache,2
6e46a324,none_01,2024-10-12,cramps,2
d38b09a5,none_01,2024-10-12,bloating,2
89458d5c,none_01,2024-10-12,headache,4
02dbf186,none_01,2024-10-13,cramps,3
d41d0f8d,none_01,2024-10-13,bloating,5
4211e225,none_01,2024-10-13,headache,5
fa91ddf8,none_01,2024-10-14,cramps,5
686f3697,none_01,2024-10-14,bloating,5
e63fbc91,none_01,2024-10-14,mood_swings,2
39aa0a85,none_01,2024-10-15,bloating,3
e42b3b57,none_01,2024-10-15,mood_swings,2
410307b2,none_01,2024-10-15,fatigue,3
a9a21bb4,none_01,2024-10-16,cramps,5
a259be79,none_01,2024-10-16,bloating,5
f52c4cae,none_01,2024-10-16,mood_swings,3
a3fdb7eb,none_01,2024-10-16,fatigue,4
b1f23fc4,none_01,2024-10-17,cramps,3
ca3549ef,none_01,2024-10-18,bloating,3
4d44bfc9,none_01,2024-10-19,cramps,3
14ff9b97,none_01,2024-11-06,cramps,5
0584f313,none_01,2024-11-06,headache,2
c42964d8,none_01,2024-11-07,fatigue,3
04f5abc7,none_01,2024-11-09,cramps,2
357d3eda,none_01,2024-11-09,mood_swings,5
ab84cf2b,none_01,2024-11-09,headache,5
c0345d3b,none_01,2024-11-10,cramps,5
b9c729db,none_01,2024-11-11,cramps,3
23e20afe,none_01,2024-11-11,bloating,5
212b5fcf,none_01,2024-11-11,mood_swings,5
d28ed0dc,none_01,2024-11-12,cramps,4
3fc89881,none_01,2024-11-12,bloating,2
d91501d2,none_01,2024-12-03,cramps,5
92d4e040,none_01,2024-12-03,bloating,4
8ae71c48,none_01,2024-12-04,cramps,4
18737f35,none_01,2024-12-05,cramps,3
be4d99e9,none_01,2024-12-05,mood_swings,2
03c83412,none_01,2024-12-05,headache,2
b133cee3,none_01,2024-12-06,cramps,2
3ba9e008,none_01,2024-12-06,mood_swings,4
ab8badd6,none_01,2024-12-06,headache,5
8f779801,none_01,2024-12-07,bloating,3
f451384b,none_01,2024-12-07,mood_swings,3
69149602,none_01,2024-12-07,headache,5
c52c86d2,none_01,2024-12-08,cramps,4
15ac966f,none_01,2024-12-08,mood_swings,4
63290323,none_01,2024-12-09,cramps,3
6bd2e27a,none_01,2024-12-09,bloating,5
bc5621a5,none_01,2024-12-09,mood_swings,5
ee0002c8,none_01,2024-12-10,cramps,3
7f72a931,none_01,2024-12-10,mood_swings,5
c41b8946,none_01,2024-12-10,fatigue,5
3efb8ef7,none_01,2024-12-11,bloating,3
3cbe5464,none_01,2024-12-11,fatigue,4
fc0c33e4,none_01,2024-12-30,bloating,3
96aa5924,none_01,2024-12-30,mood_swings,4
49d0975a,none_01,2024-12-31,cramps,4
de08228f,none_01,2025-01-01,fatigue,2
4eab651e,none_01,2025-01-01,headache,4
1182beaf,none_01,2025-01-02,fatigue,2
e3353477,none_01,2025-01-03,cramps,2
126a28ec,none_01,2025-01-03,bloating,2
0960a6cb,none_01,2025-01-03,mood_swings,4
c28fa065,none_01,2025-01-03,headache,5
b1fcd2b9,none_01,2025-01-04,cramps,3
ae3fd8c8,none_01,2025-01-04,bloating,2
a4a97bcd,none_01,2025-01-05,cramps,3
b84637fc,none_01,2025-01-05,bloating,4
d2c45659,none_01,2025-01-25,cramps,2
13de48ae,none_01,2025-01-25,bloating,4
e318118a,none_01,2025-01-25,fatigue,5
671479d2,none_01,2025-01-26,cramps,4
c68b49dc,none_01,2025-01-26,bloating,5
ac2c133d,none_01,2025-01-26,fatigue,5
e9f3df96,none_01,2025-01-27,cramps,4
e3171f72,none_01,2025-01-27,bloating,5
0dd6be7b,none_01,2025-01-27,mood_swings,2
9b1cfc28,none_01,2025-01-28,fatigue,4
bed72a0c,none_01,2025-01-28,headache,3
5cf16467,none_01,2025-01-29,cramps,3
005b8799,none_01,2025-01-30,cramps,4
89755ea0,none_01,2025-01-30,mood_swings,4
2690cd77,none_01,2025-01-31,cramps,4
58bf0faa,none_01,2025-01-31,headache,5
00362ad8,none_01,2025-02-01,bloating,4
2df56a4a,none_01,2025-02-01,headache,3
ecb1cb45,none_01,2025-02-22,cramps,2
84822160,none_01,2025-02-22,bloating,4
d7475ae0,none_01,2025-02-23,cramps,3
870001c7,none_01,2025-02-23,bloating,4
df638e36,none_01,2025-02-23,fatigue,2
d97a54db,none_01,2025-02-24,cramps,4
308a60a4,none_01,2025-02-24,mood_swings,2
3255dc30,none_01,2025-02-25,cramps,2
7a788745,none_01,2025-02-25,bloating,3
93636ded,none_01,2025-02-25,mood_swings,4
49219109,none_01,2025-02-26,bloating,3
49944188,none_01,2025-02-27,cramps,4
fc07674d,none_01,2025-02-27,bloating,4
0fe9ded0,none_01,2025-02-27,mood_swings,5
5c2147f4,none_01,2025-02-28,cramps,4
a5a58aeb,none_01,2025-03-21,bloating,3
a7fabc98,none_01,2025-03-21,headache,4
11fb94bd,none_01,2025-03-22,cramps,3
683e4a49,none_01,2025-03-22,mood_swings,3
e230c929,none_01,2025-03-23,cramps,3
76bee60f,none_01,2025-03-23,fatigue,3
cdd6a84f,none_01,2025-03-24,cramps,3
a0323716,none_01,2025-03-24,bloating,2
8e5ea069,none_01,2025-03-24,mood_swings,4
6946754c,none_01,2025-03-24,headache,4
f4f17b2c,none_01,2025-03-25,cramps,4
eaac95a1,none_01,2025-03-25,bloating,5
3e3c130f,none_01,2025-03-26,mood_swings,3
55c56270,none_01,2025-03-26,headache,4
474fda93,none_01,2025-03-27,cramps,2
124c5ff5,none_01,2025-03-27,bloating,5
5ea7389c,none_01,2025-03-27,headache,5
a06fc5ee,none_01,2025-03-28,cramps,2
381e00b1,none_01,2025-03-28,bloating,3
7b7f5755,none_01,2025-03-28,mood_swings,4
d7fcacc1,none_01,2025-04-20,cramps,4
5d6d1b2e,none_01,2025-04-20,bloating,5
a7cd5fe3,none_01,2025-04-20,mood_swings,2
89e75e84,none_01,2025-04-21,mood_swings,5
a004e096,none_01,2025-04-22,bloating,2
099692b1,none_01,2025-04-22,mood_swings,4
881d77be,none_01,2025-04-23,cramps,5
121c1c9d,none_01,2025-04-23,bloating,2
9dcb9cb0,none_01,2025-04-23,mood_swings,2
aca5afe7,none_01,2025-04-24,cramps,2
675b1207,none_01,2025-04-24,headache,4
59039c3a,none_01,2025-04-25,headache,4
f8da8a61,none_01,2025-04-26,cramps,4
b5e37ea3,none_01,2025-04-26,bloating,3
6be7365b,none_01,2025-04-26,mood_swings,5
bbe169b8,none_01,2025-04-26,fatigue,2
344e3d38,none_01,2025-04-27,cramps,2
e6a81733,none_01,2025-05-16,cramps,2
54714e31,none_01,2025-05-16,headache,4
0ee6a697,none_01,2025-05-17,bloating,4
959f6b3d,none_01,2025-05-17,mood_swings,3
9f4a5449,none_01,2025-05-18,cramps,3
43e55379,none_01,2025-05-18,fatigue,3
e8398d86,none_01,2025-05-19,cramps,3
8aeb58c0,none_01,2025-05-19,bloating,4
aa507cf9,none_01,2025-05-19,headache,2
ecd85048,none_01,2025-05-20,cramps,2
2aedcec1,none_01,2025-05-20,mood_swings,5
e8c16d1f,none_01,2025-05-21,cramps,2
aa2eab46,none_01,2025-05-21,bloating,2
b65f8e60,none_01,2025-05-21,mood_swings,5
28badb04,none_01,2025-05-22,cramps,2
3b06ac34,none_01,2025-05-22,bloating,4
d4354c68,none_01,2025-05-23,cramps,2
054ce153,none_01,2025-05-23,bloating,5
b0e00f37,none_01,2025-05-23,mood_swings,5
7faf38fa,none_01,2025-05-23,headache,4
293daa84,none_01,2025-05-24,cramps,2
6c5605be,none_01,2025-05-24,bloating,5
62f452f1,none_01,2025-05-25,cramps,5
2ff8f691,none_01,2025-05-25,bloating,5
c6181b00,none_01,2025-05-25,mood_swings,4
ce7791ee,none_01,2025-05-25,fatigue,5
4b796fcb,none_01,2025-06-14,cramps,2
1acc23c7,none_01,2025-06-14,bloating,4
0eade017,none_01,2025-06-14,fatigue,3
7562c1e1,none_01,2025-06-14,headache,2
c77afd8c,none_01,2025-06-15,cramps,3
7f97a028,none_01,2025-06-15,mood_swings,3
4c390a20,none_01,2025-06-15,fatigue,3
ef2a0313,none_01,2025-06-15,headache,3
a12234cd,none_01,2025-06-16,cramps,2
77222cb4,none_01,2025-06-16,bloating,5
5ff17456,none_01,2025-06-17,cramps,4
03e1ea15,none_01,2025-06-17,fatigue,2
97c0133f,none_01,2025-06-18,cramps,4
5ba2cd0f,none_01,2025-06-18,mood_swings,2
3f15c883,none_01,2025-06-19,cramps,4
a3597640,none_01,2025-06-19,bloating,2
a301b45e,none_01,2025-06-20,cramps,2
01c6b350,none_01,2025-06-20,bloating,3
263ca6c3,none_01,2025-06-20,mood_swings,5
ab0699d9,none_01,2025-06-21,cramps,4
b14cd7c7,none_01,2025-06-21,mood_swings,3
e08d2704,none_01,2025-06-21,fatigue,5
99211e34,none_01,2025-07-14,cramps,4
3ffbeda4,none_01,2025-07-14,bloating,4
8f5dbcd7,none_01,2025-07-14,fatigue,4
91ee3b51,none_01,2025-07-14,headache,2
73a4af12,none_01,2025-07-15,cramps,5
3379a813,none_01,2025-07-15,bloating,3
c836a212,none_01,2025-07-15,mood_swings,3
a438b93a,none_01,2025-07-16,cramps,5
23863ab1,none_01,2025-07-16,bloating,2
30e88942,none_01,2025-07-16,mood_swings,5
c73040a1,none_01,2025-07-17,cramps,2
d5ecc054,none_01,2025-07-18,cramps,3
6da359ea,none_01,2025-07-18,bloating,5
39304f47,none_01,2025-07-18,mood_swings,3
ef2cfa3d,none_01,2025-07-18,fatigue,4
96a2a52b,none_01,2025-07-19,cramps,2
9b81e877,none_01,2025-07-20,cramps,3
9a30c546,none_01,2025-07-20,headache,5
000ef536,none_01,2025-08-12,cramps,3
418d2e87,none_01,2025-08-12,bloating,5
f436ce04,none_01,2025-08-12,fatigue,5
269d754d,none_01,2025-08-13,cramps,5
2318890c,none_01,2025-08-13,fatigue,3
7477842b,none_01,2025-08-14,cramps,4
35c5f28d,none_01,2025-08-14,bloating,5
72277559,none_01,2025-08-14,headache,2
59881f90,none_01,2025-08-15,cramps,3
18132914,none_01,2025-08-15,bloating,3
9e9913e3,none_01,2025-08-15,fatigue,3
7fa35c3b,none_01,2025-08-17,cramps,2
946ea87f,none_01,2025-08-17,bloating,2
ad66d0e7,none_01,2025-08-17,mood_swings,2
49267c25,none_01,2025-08-18,bloating,4
5974b481,none_02,2024-01-01,cramps,2
e261a04a,none_02,2024-01-01,mood_swings,2
56e1252e,none_02,2024-01-02,cramps,4
bd9b1f23,none_02,2024-01-02,bloating,2
be30565b,none_02,2024-01-02,mood_swings,2
8bdfe8ac,none_02,2024-01-03,cramps,4
dea483e0,none_02,2024-01-03,bloating,4
5085d805,none_02,2024-01-03,headache,5
3557af9d,none_02,2024-01-04,bloating,3
caa29a4e,none_02,2024-01-04,fatigue,5
c2fed007,none_02,2024-01-04,headache,3
0304f3ab,none_02,2024-01-05,cramps,3
42a9fa83,none_02,2024-01-05,mood_swings,4
024cf154,none_02,2024-01-06,cramps,4
c4e11eb1,none_02,2024-01-06,bloating,3
be3d43b5,none_02,2024-01-06,mood_swings,2
3762a28f,none_02,2024-01-07,cramps,4
b5adb440,none_02,2024-01-07,bloating,5
413a20ea,none_02,2024-01-30,cramps,2
fb9d0183,none_02,2024-01-30,mood_swings,3
4e2d7ff1,none_02,2024-01-31,cramps,4
863b43df,none_02,2024-01-31,bloating,5
fa534250,none_02,2024-01-31,mood_swings,5
d0aec17e,none_02,2024-01-31,headache,4
acec858c,none_02,2024-02-01,cramps,5
8436e118,none_02,2024-02-01,bloating,2
8e4c3135,none_02,2024-02-01,mood_swings,5
7214f19b,none_02,2024-02-02,cramps,2
28044005,none_02,2024-02-02,bloating,5
033d5f53,none_02,2024-02-02,mood_swings,2
a1d49e8f,none_02,2024-02-02,fatigue,4
b9a39496,none_02,2024-02-03,bloating,3
ec69a7e4,none_02,2024-02-05,cramps,2
654682c8,none_02,2024-02-05,bloating,3
068d993e,none_02,2024-02-06,cramps,4
567e48fa,none_02,2024-02-06,mood_swings,4
e96ddc79,none_02,2024-02-27,cramps,3
8328b1cf,none_02,2024-02-27,fatigue,4
56c8bcc7,none_02,2024-02-28,mood_swings,4
a9b4d849,none_02,2024-02-29,headache,3
ee8f857d,none_02,2024-03-01,bloating,5
86126fe2,none_02,2024-03-01,mood_swings,4
210f99e8,none_02,2024-03-02,cramps,2
8f0031b6,none_02,2024-03-02,bloating,5
90895906,none_02,2024-03-03,mood_swings,4
f160f61c,none_02,2024-03-04,cramps,4
e008802d,none_02,2024-03-04,bloating,3
221af019,none_02,2024-03-04,fatigue,2
b26eccfb,none_02,2024-03-05,cramps,4
7bedd8b3,none_02,2024-03-05,bloating,4
b21f6208,none_02,2024-03-05,fatigue,4
4deac09c,none_02,2024-03-26,cramps,3
89edf8f3,none_02,2024-03-26,fatigue,3
8393cf6b,none_02,2024-03-27,cramps,3
fb2fcfa6,none_02,2024-03-28,cramps,2
3469ed64,none_02,2024-03-28,bloating,4
50c901a9,none_02,2024-03-29,cramps,5
b9f73cd9,none_02,2024-03-30,cramps,5
a7241877,none_02,2024-03-30,bloating,2
5db278d4,none_02,2024-03-30,fatigue,5
95aff5ea,none_02,2024-03-31,cramps,3
763c861b,none_02,2024-03-31,bloating,4
7967fa89,none_02,2024-04-01,cramps,4
1b620c4b,none_02,2024-04-01,mood_swings,3
577f94a6,none_02,2024-04-01,headache,3
8348fa8a,none_02,2024-04-02,cramps,2
6b52a458,none_02,2024-04-02,bloating,5
1eb4b150,none_02,2024-04-03,headache,3
55f9b726,none_02,2024-04-26,cramps,4
d0779211,none_02,2024-04-26,bloating,2
999119e2,none_02,2024-04-27,cramps,4
2da5e4ff,none_02,2024-04-27,bloating,4
8317f9e0,none_02,2024-04-28,cramps,2
1dcf6706,none_02,2024-04-29,bloating,5
51648606,none_02,2024-04-29,mood_swings,3
757c0ffc,none_02,2024-04-29,headache,5
258e7c98,none_02,2024-04-30,cramps,4
0f3298af,none_02,2024-04-30,headache,2
fc267d09,none_02,2024-05-01,cramps,4
0a43de0f,none_02,2024-05-01,mood_swings,3
0f9e4c39,none_02,2024-05-01,fatigue,5
073dac85,none_02,2024-05-02,cramps,3
794a4970,none_02,2024-05-02,headache,3
6bddde33,none_02,2024-05-21,cramps,4
7fc77a1c,none_02,2024-05-22,cramps,5
73189012,none_02,2024-05-22,mood_swings,2
2e28c59f,none_02,2024-05-23,fatigue,5
26b05b04,none_02,2024-05-23,headache,3
4b627f63,none_02,2024-05-24,mood_swings,5
d63db896,none_02,2024-05-24,fatigue,3
63766069,none_02,2024-05-24,headache,2
fa12891a,none_02,2024-05-25,cramps,5
488f8b5c,none_02,2024-05-25,bloating,3
e3109c68,none_02,2024-05-25,fatigue,5
7a2dc365,none_02,2024-05-26,bloating,3
897da5b7,none_02,2024-05-27,cramps,5
9b853e58,none_02,2024-05-27,bloating,3
9e688b89,none_02,2024-06-17,cramps,4
a524ded6,none_02,2024-06-17,mood_swings,3
c095dfa5,none_02,2024-06-17,fatigue,4
f69b2e0d,none_02,2024-06-17,headache,4
0cc34491,none_02,2024-06-19,cramps,4
a65f01c0,none_02,2024-06-19,bloating,5
491a0364,none_02,2024-06-20,bloating,2
769c2e49,none_02,2024-06-20,mood_swings,2
e654e329,none_02,2024-06-21,cramps,5
c765be54,none_02,2024-06-21,bloating,4
e7f78cb5,none_02,2024-06-21,headache,3
86679795,none_02,2024-06-22,cramps,3
2f4fd4c5,none_02,2024-06-22,mood_swings,5
23be6827,none_02,2024-06-23,cramps,3
23906ca8,none_02,2024-06-23,bloating,3
7b1493eb,none_02,2024-07-14,cramps,2
639b47ca,none_02,2024-07-14,mood_swings,2
93b449e7,none_02,2024-07-14,headache,3
98778f79,none_02,2024-07-15,bloating,5
416762d6,none_02,2024-07-15,fatigue,4
18e72d5a,none_02,2024-07-16,cramps,2
7f1b091e,none_02,2024-07-16,mood_swings,5
360e6ffd,none_02,2024-07-17,cramps,3
19ea94ec,none_02,2024-07-17,fatigue,2
9305cf6b,none_02,2024-07-18,fatigue,4
e5110f64,none_02,2024-07-19,cramps,3
b74d9224,none_02,2024-07-19,bloating,5
02a546f4,none_02,2024-07-19,headache,2
f8ba110e,none_02,2024-07-20,cramps,3
c0780fed,none_02,2024-07-20,bloating,3
8980e424,none_02,2024-07-20,mood_swings,5
4a93df5f,none_02,2024-07-20,fatigue,4
12cf1284,none_02,2024-07-21,cramps,2
7d19322f,none_02,2024-07-21,bloating,4
4c539741,none_02,2024-07-21,fatigue,2
16a12228,none_02,2024-08-12,bloating,3
b667a99c,none_02,2024-08-12,mood_swings,3
db0a447c,none_02,2024-08-13,bloating,5
dcad530e,none_02,2024-08-15,cramps,4
11f5284b,none_02,2024-08-15,bloating,2
3d4995a0,none_02,2024-08-15,mood_swings,3
578cc139,none_02,2024-08-15,headache,4
2f9bc4c1,none_02,2024-08-16,bloating,3
a8c7d2f3,none_02,2024-08-17,cramps,2
6502dfa8,none_02,2024-08-17,bloating,5
0b9ad235,none_02,2024-08-17,fatigue,5
60751d10,none_02,2024-08-18,cramps,2
1846e9f0,none_02,2024-08-18,bloating,2
9d3dfd17,none_02,2024-08-18,headache,4
bf011978,none_02,2024-09-08,cramps,2
0aa2d294,none_02,2024-09-08,fatigue,3
eaad16eb,none_02,2024-09-10,cramps,5
ce9e9d6a,none_02,2024-09-10,bloating,3
31082642,none_02,2024-09-10,headache,5
759e4c05,none_02,2024-09-11,cramps,3
672400a9,none_02,2024-09-12,bloating,5
9383e6fd,none_02,2024-09-12,fatigue,4
04ee786a,none_02,2024-09-12,headache,3
6a82e9ff,none_02,2024-09-13,mood_swings,5
da040f48,none_02,2024-09-14,bloating,2
e1f47289,none_02,2024-09-14,mood_swings,2
38b45087,none_02,2024-09-15,bloating,2
acf33fad,none_02,2024-09-15,fatigue,3
277c5b45,none_02,2024-09-16,bloating,4
fccd3537,none_02,2024-09-16,mood_swings,4
473071e8,none_02,2024-10-07,headache,3
60ff7d35,none_02,2024-10-08,cramps,5
1ed06302,none_02,2024-10-08,mood_swings,4
d611dd36,none_02,2024-10-09,bloating,5
8abd53d6,none_02,2024-10-09,fatigue,3
bbf5dc0a,none_02,2024-10-10,cramps,3
18a9ad03,none_02,2024-10-10,bloating,3
3f708deb,none_02,2024-10-11,mood_swings,3
961d3eab,none_02,2024-10-11,fatigue,4
4811262d,none_02,2024-10-12,mood_swings,3
f87a9b2e,none_02,2024-10-12,fatigue,5
4d358f37,none_02,2024-10-13,cramps,2
de03abfe,none_02,2024-10-13,bloating,3
441ef684,none_02,2024-10-14,bloating,3
f4079f67,none_02,2024-10-14,fatigue,5
d596afdc,none_02,2024-11-06,cramps,3
3af879de,none_02,2024-11-07,cramps,4
31ab8b14,none_02,2024-11-07,bloating,5
3525d08a,none_02,2024-11-08,bloating,3
2fc0f45c,none_02,2024-11-08,mood_swings,5
7444c305,none_02,2024-11-08,fatigue,3
3af93d18,none_02,2024-11-09,cramps,5
bcbd7d68,none_02,2024-11-09,bloating,3
e9013875,none_02,2024-11-09,mood_swings,5
5eef0245,none_02,2024-11-09,headache,4
72e2237b,none_02,2024-11-10,cramps,5
944e25b3,none_02,2024-11-10,headache,4
9b22c499,none_02,2024-11-11,cramps,5
48b31dc2,none_02,2024-11-11,bloating,2
b7039c13,none_02,2024-11-11,headache,2
255b076e,none_02,2024-11-12,bloating,3
9eb6771c,none_02,2024-11-12,mood_swings,3
0e41d227,none_02,2024-11-12,fatigue,5
74a24c8c,none_02,2024-12-05,cramps,5
f6a601b7,none_02,2024-12-05,mood_swings,5
5c59e6ea,none_02,2024-12-05,fatigue,4
6326cef7,none_02,2024-12-06,cramps,5
32198fc5,none_02,2024-12-06,fatigue,2
f4647ccf,none_02,2024-12-07,cramps,4
506278d6,none_02,2024-12-07,mood_swings,5
c292f675,none_02,2024-12-07,fatigue,5
315dbfc2,none_02,2024-12-08,cramps,3
8b94c86d,none_02,2024-12-08,bloating,2
6aa72020,none_02,2024-12-09,cramps,5
1cb2eeee,none_02,2024-12-09,bloating,5
ca6aeace,none_02,2024-12-09,mood_swings,2
ba9f82e1,none_02,2024-12-09,headache,5
b02fd0e3,none_02,2024-12-10,cramps,4
fa76b33f,none_02,2024-12-10,fatigue,2
b96d917d,none_02,2024-12-10,headache,5
2e0fe56b,none_02,2024-12-11,cramps,2
8405f059,none_02,2024-12-11,mood_swings,2
92f7af57,none_02,2024-12-11,fatigue,4
ff4f6af7,none_02,2024-12-11,headache,3
3597502d,none_02,2025-01-03,cramps,3
45c93dad,none_02,2025-01-04,cramps,5
3b56eb26,none_02,2025-01-04,mood_swings,2
79dad24f,none_02,2025-01-05,cramps,5
a9168c5f,none_02,2025-01-05,bloating,2
9956068f,none_02,2025-01-05,mood_swings,5
e1a48995,none_02,2025-01-06,cramps,5
6a74dc06,none_02,2025-01-06,bloating,4
12351011,none_02,2025-01-06,headache,5
928e30f0,none_02,2025-01-07,cramps,4
a4b34e0a,none_02,2025-01-07,fatigue,3
0541e2ec,none_02,2025-01-08,bloating,5
aa4604ce,none_02,2025-01-08,mood_swings,2
21e08607,none_02,2025-01-08,fatigue,4
e94f901e,none_02,2025-01-09,bloating,2
c2afee17,none_02,2025-01-09,mood_swings,5
1a2ce07c,none_02,2025-01-29,cramps,4
27fcf136,none_02,2025-01-29,mood_swings,5
f0acea2d,none_02,2025-01-29,headache,3
83ac0798,none_02,2025-01-30,cramps,3
a58675fc,none_02,2025-01-30,mood_swings,4
9c27bdda,none_02,2025-01-31,cramps,5
2d1e0081,none_02,2025-01-31,bloating,4
fe228564,none_02,2025-01-31,fatigue,4
563398e6,none_02,2025-02-01,bloating,3
12e3b006,none_02,2025-02-01,fatigue,2
0339195d,none_02,2025-02-02,cramps,5
52142032,none_02,2025-02-02,mood_swings,4
6a869417,none_02,2025-02-03,cramps,3
eb278d22,none_02,2025-02-03,bloating,3
7c56d506,none_02,2025-02-03,fatigue,5
8b72a7e5,none_02,2025-02-04,cramps,5
5b4b3df8,none_02,2025-02-04,headache,5
d0c16651,none_02,2025-03-01,cramps,3
48f7ee2c,none_02,2025-03-02,bloating,4
95a91a92,none_02,2025-03-02,fatigue,5
fc6d8841,none_02,2025-03-03,cramps,4
6b14e374,none_02,2025-03-03,bloating,3
9c0d2882,none_02,2025-03-03,headache,5
0352e078,none_02,2025-03-04,cramps,5
e0034d04,none_02,2025-03-05,cramps,2
f47773c7,none_02,2025-03-05,bloating,3
02918027,none_02,2025-03-06,cramps,5
7330982e,none_02,2025-03-06,mood_swings,5
6cca6a8a,none_02,2025-03-06,fatigue,2
14411fa4,none_02,2025-03-06,headache,3
1b7f4927,none_02,2025-03-07,cramps,5
ea2a5945,none_02,2025-03-07,bloating,3
76563467,none_02,2025-03-07,mood_swings,2
54e7e227,none_02,2025-03-07,headache,2
aab3e117,none_02,2025-03-08,cramps,3
9104cc7c,none_02,2025-03-08,bloating,4
f7fbcf1a,none_02,2025-03-08,fatigue,5
7720c899,none_02,2025-04-01,cramps,2
54c18dc9,none_02,2025-04-01,bloating,2
fb642be4,none_02,2025-04-01,mood_swings,4
93ae6342,none_02,2025-04-02,cramps,3
e3eb1e91,none_02,2025-04-03,cramps,5
8ffc5eac,none_02,2025-04-03,mood_swings,5
ebeeedcd,none_02,2025-04-04,bloating,5
400de71b,none_02,2025-04-04,mood_swings,3
13ca43b5,none_02,2025-04-04,fatigue,2
24aa3ab3,none_02,2025-04-05,mood_swings,3
b4120691,none_02,2025-04-05,headache,5
fe8475e4,none_02,2025-04-06,cramps,4
d74017ed,none_02,2025-04-07,headache,2
1d64e62c,none_02,2025-04-08,cramps,4
6251fd22,none_02,2025-04-08,bloating,4
bd3b8579,none_02,2025-04-08,mood_swings,4
b5434d87,none_02,2025-04-09,cramps,3
3799cfef,none_02,2025-04-29,cramps,3
ace04b8f,none_02,2025-04-29,bloating,3
10243c8d,none_02,2025-04-29,mood_swings,5
ed3721ad,none_02,2025-04-30,bloating,3
499a28df,none_02,2025-05-01,cramps,5
49081e88,none_02,2025-05-01,bloating,5
93dd37f7,none_02,2025-05-01,fatigue,2
235c285c,none_02,2025-05-02,cramps,2
92b764dd,none_02,2025-05-02,bloating,4
21216517,none_02,2025-05-02,mood_swings,5
a1b19cb6,none_02,2025-05-03,cramps,2
10923e36,none_02,2025-05-03,mood_swings,4
0d56cd6f,none_02,2025-05-04,bloating,3
7813c1ae,none_02,2025-05-04,fatigue,3
3e4e1df3,none_02,2025-05-04,headache,2
004bb73c,none_02,2025-05-05,cramps,4
43277fac,none_02,2025-05-05,mood_swings,2
a81280c0,none_02,2025-05-05,headache,4
c4dc0c0e,none_02,2025-05-08,cramps,4
70d42605,none_02,2025-05-08,bloating,4
374cefbe,none_02,2025-05-27,bloating,2
bc73b2a6,none_02,2025-05-27,headache,3
027e128a,none_02,2025-05-28,cramps,4
d39f7aaa,none_02,2025-05-29,cramps,4
e030f383,none_02,2025-05-29,mood_swings,2
f06666a4,none_02,2025-05-30,cramps,4
e4bb4925,none_02,2025-05-31,cramps,2
bf4c78d6,none_02,2025-06-01,cramps,5
fe5746b4,none_02,2025-06-01,bloating,5
0c72e83b,none_02,2025-06-02,cramps,3
caef654d,none_02,2025-06-03,cramps,2
02d97874,none_02,2025-06-03,fatigue,3
fe629c39,none_02,2025-06-23,cramps,4
c9ff01d6,none_02,2025-06-23,bloating,4
a2ade4a0,none_02,2025-06-23,mood_swings,4
8680d960,none_02,2025-06-23,fatigue,4
85b19a27,none_02,2025-06-24,cramps,2
41978f18,none_02,2025-06-24,bloating,4
eea5e53a,none_02,2025-06-25,cramps,2
2617cad0,none_02,2025-06-25,bloating,5
0bf858d1,none_02,2025-06-25,mood_swings,3
ab036dcf,none_02,2025-06-26,cramps,4
ce92f08d,none_02,2025-06-26,headache,2
008a2c90,none_02,2025-06-27,cramps,2
ab97df1a,none_02,2025-06-27,mood_swings,4
dce52203,none_02,2025-06-27,headache,5
29a2aec4,none_02,2025-06-28,mood_swings,3
94acb295,none_02,2025-06-28,fatigue,2
1ff2e1eb,none_02,2025-06-29,cramps,4
460c3e8f,none_02,2025-06-29,fatigue,5
f8b82cd6,none_02,2025-06-30,cramps,3
611a8cce,none_02,2025-06-30,bloating,2
00abfb94,none_02,2025-06-30,mood_swings,2
3e908461,none_02,2025-07-21,cramps,4
b4dc8972,none_02,2025-07-21,mood_swings,4
30e33b04,none_02,2025-07-22,mood_swings,3
76c6eadb,none_02,2025-07-22,headache,2
8fd66ca2,none_02,2025-07-23,mood_swings,5
fc86c61c,none_02,2025-07-23,fatigue,5
11597490,none_02,2025-07-24,cramps,2
00ca2836,none_02,2025-07-24,fatigue,5
8d24925d,none_02,2025-07-25,cramps,5
7b19529b,none_02,2025-07-25,fatigue,2
e5ad8ed9,none_02,2025-07-25,headache,3
cf967f4a,none_02,2025-07-26,cramps,2
c505af18,none_02,2025-07-26,mood_swings,4
167b5320,none_02,2025-07-27,cramps,5
19c3e865,none_02,2025-07-27,bloating,3
4a93e38c,none_02,2025-07-27,mood_swings,4
9fb6fb2a,none_02,2025-07-27,fatigue,3
535c1ca8,none_02,2025-07-28,cramps,4
5aafe92f,none_02,2025-07-28,bloating,2
bae6ae06,none_02,2025-07-28,mood_swings,5
f68c2509,none_02,2025-07-29,cramps,2
2d48a98c,none_02,2025-07-29,mood_swings,2
30ba7e22,none_02,2025-08-19,mood_swings,4
04006742,none_02,2025-08-20,bloating,3
9c27c06e,none_02,2025-08-21,cramps,2
064a32ec,none_02,2025-08-21,bloating,5
e217a17f,none_02,2025-08-21,mood_swings,2
81f2d158,none_02,2025-08-21,fatigue,2
9bfaf72a,none_02,2025-08-22,cramps,2
ba124bfe,none_02,2025-08-22,bloating,3
13aa7f18,none_02,2025-08-22,mood_swings,4
4251172b,none_02,2025-08-23,cramps,2
40fa86e2,none_02,2025-08-23,bloating,2
49700b9e,none_02,2025-08-23,mood_swings,2
d12adea8,none_02,2025-08-23,fatigue,5
7f19eff4,none_02,2025-08-24,bloating,2
6e5e8da0,none_02,2025-08-25,cramps,4
33c6d0a6,none_02,2025-08-25,bloating,4
0d8e401c,none_02,2025-08-25,mood_swings,2
576b4ab0,none_02,2025-08-25,headache,2
88ac926a,none_02,2025-08-26,cramps,2
f1435266,none_02,2025-08-26,mood_swings,5
b6ccdf8b,none_03,2024-01-01,cramps,3
17eb4298,none_03,2024-01-01,bloating,2
13b62f92,none_03,2024-01-01,fatigue,4
761f816a,none_03,2024-01-01,headache,3
b6bec821,none_03,2024-01-03,cramps,2
f25d8453,none_03,2024-01-04,cramps,3
fc83c076,none_03,2024-01-04,bloating,4
12101c18,none_03,2024-01-05,bloating,5
e7d8a6eb,none_03,2024-01-05,mood_swings,2
f96d3a1c,none_03,2024-01-05,headache,2
0056e77b,none_03,2024-01-06,cramps,3
b53fccf3,none_03,2024-01-06,bloating,4
a44b7257,none_03,2024-01-07,cramps,4
85897c5f,none_03,2024-01-07,bloating,2
a56b9229,none_03,2024-01-07,mood_swings,4
8c1222ff,none_03,2024-01-08,cramps,4
6541577f,none_03,2024-01-08,bloating,3
20baf009,none_03,2024-01-08,headache,4
3e0cac0b,none_03,2024-01-09,cramps,3
c4c82063,none_03,2024-01-09,bloating,5
0981a181,none_03,2024-01-30,cramps,3
f5931f73,none_03,2024-01-30,bloating,5
8eae391d,none_03,2024-01-30,mood_swings,2
1c79f9e5,none_03,2024-01-30,headache,2
5d87e794,none_03,2024-01-31,cramps,2
e141c82a,none_03,2024-01-31,bloating,5
90010e51,none_03,2024-01-31,fatigue,4
ef577c38,none_03,2024-01-31,headache,5
7ba45c98,none_03,2024-02-01,cramps,5
b1bfe92b,none_03,2024-02-01,mood_swings,2
591a59bb,none_03,2024-02-02,cramps,3
40c42a8e,none_03,2024-02-02,bloating,5
4a7f8dde,none_03,2024-02-02,fatigue,3
8eb79305,none_03,2024-02-03,cramps,5
6dd3dfab,none_03,2024-02-03,bloating,4
2b01eb7a,none_03,2024-02-03,mood_swings,5
228c90fd,none_03,2024-02-03,fatigue,3
2274fdeb,none_03,2024-02-05,cramps,5
f37bf3e4,none_03,2024-02-05,bloating,4
77e3bba6,none_03,2024-02-05,mood_swings,3
fe1d6553,none_03,2024-02-05,fatigue,3
b663d2c4,none_03,2024-02-05,headache,4
f20c54b3,none_03,2024-02-06,cramps,5
16f05243,none_03,2024-02-27,cramps,2
c96a23c6,none_03,2024-02-28,cramps,3
d00153c8,none_03,2024-02-28,bloating,4
94fc00ee,none_03,2024-02-29,cramps,4
64459fc6,none_03,2024-02-29,headache,5
b2493401,none_03,2024-03-01,cramps,3
17ee8bd0,none_03,2024-03-01,bloating,2
50b16b22,none_03,2024-03-01,mood_swings,3
fdd09de2,none_03,2024-03-01,fatigue,5
40e1abdc,none_03,2024-03-01,headache,3
f5b2a223,none_03,2024-03-02,bloating,3
6450b580,none_03,2024-03-03,cramps,3
5614845b,none_03,2024-03-04,cramps,5
d3d3fc7f,none_03,2024-03-04,mood_swings,4
f642fc31,none_03,2024-03-04,fatigue,3
106d4775,none_03,2024-03-05,cramps,5
b76082cf,none_03,2024-03-05,mood_swings,4
e14143a9,none_03,2024-03-05,fatigue,3
89a211df,none_03,2024-03-25,cramps,2
b40a1375,none_03,2024-03-26,bloating,4
8944141c,none_03,2024-03-26,headache,2
afc4bc0f,none_03,2024-03-27,bloating,2
41ac5f88,none_03,2024-03-27,mood_swings,4
c94427ba,none_03,2024-03-27,fatigue,2
99681a0f,none_03,2024-03-28,cramps,4
d5c0b58c,none_03,2024-03-28,bloating,4
ff171faa,none_03,2024-03-28,mood_swings,2
6eca7a7c,none_03,2024-03-29,bloating,5
5993f4cf,none_03,2024-03-30,cramps,5
018eff58,none_03,2024-03-30,bloating,5
dbe26ea7,none_03,2024-03-30,mood_swings,5
328818d3,none_03,2024-03-31,bloating,5
61316cda,none_03,2024-03-31,mood_swings,2
9be2d9fd,none_03,2024-03-31,fatigue,4
24dc4fa6,none_03,2024-03-31,headache,2
3c627d3a,none_03,2024-04-01,cramps,3
d4645ed0,none_03,2024-04-01,mood_swings,2
78cadff6,none_03,2024-04-02,cramps,5
df7263da,none_03,2024-04-21,cramps,3
0e1ef763,none_03,2024-04-21,bloating,4
38868b8a,none_03,2024-04-21,fatigue,2
ae2189a8,none_03,2024-04-21,headache,5
af7b861c,none_03,2024-04-22,cramps,4
0d8f11ce,none_03,2024-04-22,bloating,2
c74968d9,none_03,2024-04-22,mood_swings,5
da716d85,none_03,2024-04-22,fatigue,2
aace0a98,none_03,2024-04-22,headache,4
584cf190,none_03,2024-04-23,bloating,2
ab7c9b01,none_03,2024-04-23,mood_swings,5
6720866d,none_03,2024-04-24,cramps,5
bdf313b8,none_03,2024-04-24,bloating,5
867fc1bf,none_03,2024-04-24,mood_swings,5
ee7291d8,none_03,2024-04-24,fatigue,5
7ee92231,none_03,2024-04-25,cramps,4
636fc721,none_03,2024-04-25,mood_swings,2
42ea787f,none_03,2024-04-25,fatigue,4
1ac45a12,none_03,2024-04-26,cramps,3
b7609741,none_03,2024-04-27,cramps,5
9e7f3fef,none_03,2024-04-27,mood_swings,4
51a87857,none_03,2024-04-27,fatigue,2
484abf65,none_03,2024-04-28,headache,5
785b3b4e,none_03,2024-05-18,mood_swings,5
a6e81f5c,none_03,2024-05-18,fatigue,5
0a999066,none_03,2024-05-18,headache,3
789f7745,none_03,2024-05-19,bloating,2
b13eaee9,none_03,2024-05-19,mood_swings,5
a9872fe0,none_03,2024-05-20,cramps,2
64cdae06,none_03,2024-05-21,cramps,3
f87c4d45,none_03,2024-05-21,headache,2
44dfaaea,none_03,2024-05-22,cramps,2
c0ecaf29,none_03,2024-05-23,cramps,5
5a2cb8bb,none_03,2024-05-23,fatigue,5
90e6f8ac,none_03,2024-05-23,headache,5
b4225afa,none_03,2024-05-24,cramps,4
741aac23,none_03,2024-05-24,mood_swings,5
0f974a6f,none_03,2024-05-25,cramps,4
210c2700,none_03,2024-05-25,bloating,5
44c7d892,none_03,2024-05-26,cramps,4
36a30b15,none_03,2024-05-26,headache,5
34ddf9da,none_03,2024-06-14,cramps,5
5f0f8d6c,none_03,2024-06-15,cramps,3
57719f8e,none_03,2024-06-15,bloating,5
48bad496,none_03,2024-06-15,mood_swings,2
948d5d59,none_03,2024-06-15,fatigue,3
24b939fb,none_03,2024-06-16,cramps,5
0dc52ce8,none_03,2024-06-16,bloating,4
270b59d3,none_03,2024-06-16,fatigue,5
70328e11,none_03,2024-06-17,cramps,2
2aef4b33,none_03,2024-06-17,mood_swings,5
eb5ab1a6,none_03,2024-06-17,headache,5
a6ead3f4,none_03,2024-06-18,cramps,4
d99fdf30,none_03,2024-06-18,bloating,4
d9e80f77,none_03,2024-06-18,headache,5
1d909f87,none_03,2024-06-19,cramps,3
9242a523,none_03,2024-06-19,headache,5
b9c33082,none_03,2024-06-20,cramps,2
b07246a7,none_03,2024-06-20,bloating,3
1471c161,none_03,2024-06-20,headache,4
6c34faa9,none_03,2024-06-21,cramps,4
26713686,none_03,2024-06-21,fatigue,5
7ff4b1c8,none_03,2024-07-10,cramps,2
42db83c6,none_03,2024-07-10,bloating,4
71d3c28c,none_03,2024-07-10,headache,2
a495c40d,none_03,2024-07-11,cramps,4
6d1fdc6b,none_03,2024-07-11,headache,4
d420e33a,none_03,2024-07-12,cramps,3
9cb73665,none_03,2024-07-13,cramps,3
395fd781,none_03,2024-07-13,headache,5
98448f56,none_03,2024-07-14,cramps,2
10b25f8a,none_03,2024-07-16,cramps,4
65166b9a,none_03,2024-07-16,headache,2
39fee2ce,none_03,2024-07-17,cramps,4
d27e1e5a,none_03,2024-08-06,cramps,3
b962275c,none_03,2024-08-06,mood_swings,4
ab14039d,none_03,2024-08-07,cramps,2
f09b366c,none_03,2024-08-07,bloating,2
766fc17a,none_03,2024-08-07,fatigue,2
31c969cc,none_03,2024-08-08,cramps,4
797e64f7,none_03,2024-08-08,bloating,3
e220d78e,none_03,2024-08-08,mood_swings,3
9658fa1e,none_03,2024-08-09,mood_swings,3
de2ab06f,none_03,2024-08-10,cramps,3
bcd0cc44,none_03,2024-08-10,bloating,2
e21db0a5,none_03,2024-08-10,mood_swings,4
a143a278,none_03,2024-08-10,fatigue,3
64fabaa6,none_03,2024-08-11,cramps,2
9f743409,none_03,2024-08-11,bloating,5
afeae67b,none_03,2024-08-12,cramps,2
49a7f82d,none_03,2024-08-13,mood_swings,2
2edf64af,none_03,2024-08-13,headache,4
f89e2c8c,none_03,2024-08-14,cramps,2
c7034d8e,none_03,2024-08-14,bloating,4
a56ab2fe,none_03,2024-08-14,mood_swings,2
eda1c6c0,none_03,2024-08-14,fatigue,4
68f2ac34,none_03,2024-09-03,cramps,3
8ab39198,none_03,2024-09-03,bloating,5
2cb732e5,none_03,2024-09-03,mood_swings,3
42b60de2,none_03,2024-09-03,fatigue,5
f701a2e8,none_03,2024-09-03,headache,3
939ecf2d,none_03,2024-09-04,bloating,2
85179344,none_03,2024-09-04,fatigue,4
c7834829,none_03,2024-09-05,bloating,4
e483a35e,none_03,2024-09-06,cramps,2
1eaa638e,none_03,2024-09-06,mood_swings,2
b2043178,none_03,2024-09-07,cramps,5
8a314870,none_03,2024-09-07,mood_swings,2
1889bbf8,none_03,2024-09-08,cramps,4
6d4ba0df,none_03,2024-09-09,cramps,2
e2a18a78,none_03,2024-09-09,bloating,2
c005cf00,none_03,2024-09-30,cramps,5
c83927c2,none_03,2024-09-30,bloating,2
f3fd3a65,none_03,2024-10-01,cramps,3
dad2b790,none_03,2024-10-01,bloating,2
02411ce1,none_03,2024-10-02,cramps,2
acdef68f,none_03,2024-10-02,mood_swings,2
4ef787c4,none_03,2024-10-03,cramps,4
68f5c35b,none_03,2024-10-03,bloating,2
d8c0467e,none_03,2024-10-03,mood_swings,3
e8ab26b8,none_03,2024-10-04,cramps,4
bfd20797,none_03,2024-10-04,bloating,2
b2530c48,none_03,2024-10-04,mood_swings,2
00d9fb61,none_03,2024-10-04,fatigue,3
aec43679,none_03,2024-10-05,cramps,4
cbc5da7c,none_03,2024-10-05,fatigue,2
5f1a2c9a,none_03,2024-10-06,cramps,2
809981c5,none_03,2024-10-06,bloating,5
17d76958,none_03,2024-10-06,mood_swings,5
02a87153,none_03,2024-10-07,cramps,3
cd1b0945,none_03,2024-10-07,bloating,2
c7df6986,none_03,2024-10-07,headache,5
5e5100f4,none_03,2024-10-08,mood_swings,5
a3935af4,none_03,2024-10-31,cramps,2
208a1cb3,none_03,2024-10-31,bloating,4
1a169a9d,none_03,2024-10-31,mood_swings,3
e7a53c9d,none_03,2024-11-01,cramps,2
8357cb44,none_03,2024-11-01,bloating,3
b2ad8103,none_03,2024-11-02,cramps,2
db10a86b,none_03,2024-11-02,bloating,3
c18f5ec4,none_03,2024-11-03,cramps,5
29a0c06a,none_03,2024-11-03,bloating,4
e412029f,none_03,2024-11-03,fatigue,3
81a36f6e,none_03,2024-11-04,cramps,3
08bc862e,none_03,2024-11-04,bloating,5
f2d11313,none_03,2024-11-05,cramps,2
adecefa5,none_03,2024-11-05,fatigue,5
69ea1a6a,none_03,2024-11-06,cramps,2
5d0fcb0b,none_03,2024-11-25,bloating,5
0187f32d,none_03,2024-11-26,cramps,3
a4f91940,none_03,2024-11-26,bloating,4
d407e76f,none_03,2024-11-26,headache,4
1c4ad2e3,none_03,2024-11-27,bloating,3
c5da189e,none_03,2024-11-28,cramps,4
468b9901,none_03,2024-11-28,mood_swings,5
c4aa745c,none_03,2024-11-28,fatigue,3
6f2065bf,none_03,2024-11-29,cramps,5
d8373b36,none_03,2024-11-29,bloating,2
41523823,none_03,2024-11-30,bloating,5
afa4d5d4,none_03,2024-11-30,mood_swings,2
ad70e63c,none_03,2024-12-01,cramps,3
aa474f8c,none_03,2024-12-01,mood_swings,3
0b446d16,none_03,2024-12-01,fatigue,4
8d144125,none_03,2024-12-02,cramps,3
2085026a,none_03,2024-12-02,bloating,4
6a579886,none_03,2024-12-02,headache,5
72168c74,none_03,2024-12-03,cramps,4
01f3b704,none_03,2024-12-23,cramps,3
4e11c267,none_03,2024-12-24,cramps,4
e51224c6,none_03,2024-12-26,bloating,2
582df963,none_03,2024-12-26,fatigue,3
42cb9b1e,none_03,2024-12-26,headache,2
467a582f,none_03,2024-12-27,cramps,3
6fc702f0,none_03,2024-12-27,fatigue,2
9aaa997e,none_03,2024-12-28,cramps,2
60ce46da,none_03,2024-12-28,bloating,5
0a002117,none_03,2024-12-28,mood_swings,3
f3ad435d,none_03,2024-12-29,cramps,4
db88ed16,none_03,2024-12-29,mood_swings,5
a3e26d48,none_03,2024-12-30,bloating,2
0c5d79f1,none_03,2024-12-30,mood_swings,4
c7a900e4,none_03,2024-12-30,fatigue,5
f9332a33,none_03,2025-01-20,cramps,3
09c5d9a1,none_03,2025-01-20,fatigue,3
4311f207,none_03,2025-01-21,cramps,3
c452e02c,none_03,2025-01-21,mood_swings,2
1e78d6f7,none_03,2025-01-22,cramps,4
5b53e30d,none_03,2025-01-22,bloating,5
ecea8d3d,none_03,2025-01-22,fatigue,3
25814b5e,none_03,2025-01-23,cramps,4
c4201466,none_03,2025-01-23,bloating,4
f15d9d28,none_03,2025-01-23,mood_swings,4
273a3fd1,none_03,2025-01-24,cramps,3
c57c2a83,none_03,2025-01-24,bloating,5
6d8337ae,none_03,2025-01-24,mood_swings,3
889a6861,none_03,2025-01-25,cramps,4
5a17c489,none_03,2025-01-25,bloating,5
9b3d7318,none_03,2025-01-26,cramps,4
1dc1897c,none_03,2025-01-26,bloating,3
e9b91cf3,none_03,2025-01-27,mood_swings,4
bba05b12,none_03,2025-01-27,fatigue,4
68ccd4e4,none_03,2025-01-28,cramps,5
eb5bf765,none_03,2025-01-28,bloating,3
a1041a59,none_03,2025-01-28,mood_swings,2
de9da142,none_03,2025-01-28,headache,2
641c1969,none_03,2025-01-29,cramps,3
346da681,none_03,2025-02-17,bloating,5
6698c6fb,none_03,2025-02-17,fatigue,2
398e73d6,none_03,2025-02-17,headache,4
bdfa7030,none_03,2025-02-18,cramps,3
2da60a63,none_03,2025-02-19,cramps,5
a9b6af18,none_03,2025-02-20,fatigue,2
f50d4f66,none_03,2025-02-20,headache,4
c6b6025b,none_03,2025-02-21,cramps,4
aa747008,none_03,2025-02-22,cramps,3
c9dc8808,none_03,2025-02-22,bloating,5
a652d4f6,none_03,2025-02-22,headache,3
baad81c7,none_03,2025-03-17,headache,3
a986bc57,none_03,2025-03-18,cramps,2
2130013e,none_03,2025-03-18,mood_swings,2
65040d58,none_03,2025-03-19,bloating,5
48481f0f,none_03,2025-03-19,headache,3
20f60d5e,none_03,2025-03-20,cramps,4
4d922d02,none_03,2025-03-20,bloating,3
018133c5,none_03,2025-03-20,headache,5
a6e4e955,none_03,2025-03-21,cramps,2
e858266b,none_03,2025-03-21,bloating,2
f6326066,none_03,2025-03-21,mood_swings,3
fddf023b,none_03,2025-03-22,cramps,3
610fda75,none_03,2025-03-22,mood_swings,4
40fed777,none_03,2025-03-23,cramps,5
f39235fc,none_03,2025-03-23,bloating,4
be25e394,none_03,2025-03-23,fatigue,4
1554bfea,none_03,2025-04-12,cramps,3
7616c2ad,none_03,2025-04-12,fatigue,4
cf57eb3f,none_03,2025-04-12,headache,4
a2ab1a56,none_03,2025-04-13,bloating,4
179eb5f1,none_03,2025-04-13,headache,2
0be68a89,none_03,2025-04-14,mood_swings,3
a96e76fd,none_03,2025-04-14,fatigue,2
2acaa09c,none_03,2025-04-16,bloating,2
36f3ffcb,none_03,2025-04-17,cramps,3
7072a928,none_03,2025-04-17,bloating,3
0e3df19e,none_03,2025-04-18,cramps,2
354a15c4,none_03,2025-04-18,bloating,2
300f6da2,none_03,2025-04-19,cramps,3
443443f9,none_03,2025-04-19,mood_swings,3
b4826046,none_03,2025-04-19,fatigue,3
bc65d343,none_03,2025-04-20,cramps,4
70fdcfe0,none_03,2025-04-20,bloating,5
f78cef8f,none_03,2025-04-20,mood_swings,4
9d7b2531,none_03,2025-04-20,headache,3
9093c843,none_03,2025-05-13,cramps,5
4ac22217,none_03,2025-05-13,mood_swings,4
dd0d7f4f,none_03,2025-05-13,fatigue,4
f1e91135,none_03,2025-05-14,cramps,3
cdf21195,none_03,2025-05-14,bloating,5
a426d3e3,none_03,2025-05-14,mood_swings,2
b5f53d11,none_03,2025-05-15,mood_swings,4
df28220d,none_03,2025-05-16,cramps,3
6361c418,none_03,2025-05-16,bloating,3
42615c87,none_03,2025-05-16,mood_swings,4
3626acd8,none_03,2025-05-16,fatigue,3
232b69a3,none_03,2025-05-16,headache,2
9d44b1df,none_03,2025-05-17,cramps,5
569de8d8,none_03,2025-05-18,cramps,3
dc5492a3,none_03,2025-05-18,fatigue,3
f4bcd771,none_03,2025-06-13,cramps,4
ef84f29f,none_03,2025-06-14,cramps,4
670f8c6f,none_03,2025-06-14,mood_swings,5
d8c0e6c6,none_03,2025-06-14,headache,5
41e0ec65,none_03,2025-06-15,cramps,3
df2f45fb,none_03,2025-06-15,fatigue,4
2a20e6de,none_03,2025-06-16,cramps,2
08e190c7,none_03,2025-06-16,bloating,5
f3a2b5c8,none_03,2025-06-16,mood_swings,2
2aca9e27,none_03,2025-06-16,fatigue,5
8f5dcad6,none_03,2025-06-17,cramps,3
a7e48749,none_03,2025-06-17,bloating,2
0546d479,none_03,2025-06-18,cramps,3
08e8ef57,none_03,2025-06-18,fatigue,5
ba867c74,none_03,2025-06-19,cramps,2
c3611f08,none_03,2025-06-20,bloating,2
7d4cd757,none_03,2025-06-20,fatigue,3
d70d828c,none_03,2025-06-21,cramps,5
756e51a6,none_03,2025-06-21,bloating,2
f1c34278,none_03,2025-07-08,cramps,4
4fedb742,none_03,2025-07-08,bloating,2
076928ce,none_03,2025-07-08,mood_swings,4
41711444,none_03,2025-07-08,fatigue,5
48e148af,none_03,2025-07-09,cramps,5
0449965a,none_03,2025-07-10,cramps,5
356a7765,none_03,2025-07-10,bloating,4
32cabb70,none_03,2025-07-11,cramps,2
ee2b898f,none_03,2025-07-11,headache,3
ffcce41a,none_03,2025-07-12,cramps,4
3f6bc14d,none_03,2025-07-12,headache,5
be7b5846,none_03,2025-07-13,bloating,2
f22d22e6,none_03,2025-07-14,cramps,4
bbc90a6b,none_03,2025-07-14,bloating,2
821fa3e3,none_03,2025-07-15,cramps,4
5e83db0d,none_03,2025-08-08,cramps,4
d741df81,none_03,2025-08-08,bloating,3
d7d3669f,none_03,2025-08-09,cramps,3
6e2d50be,none_03,2025-08-09,bloating,4
b8ab84c5,none_03,2025-08-10,cramps,2
572d2ca1,none_03,2025-08-10,mood_swings,2
fb688df7,none_03,2025-08-11,cramps,4
12f6e6ef,none_03,2025-08-11,bloating,4
f96e136c,none_03,2025-08-11,mood_swings,3
166294af,none_03,2025-08-12,cramps,3
80e8b534,none_03,2025-08-12,bloating,2
0222418a,none_03,2025-08-13,cramps,4
5d522f0c,none_03,2025-08-15,cramps,5
af79787f,none_03,2025-08-15,headache,5
d7619e5a,none_04,2024-01-01,cramps,3
b3590177,none_04,2024-01-01,mood_swings,2
737fb966,none_04,2024-01-01,fatigue,2
dbd929d1,none_04,2024-01-02,cramps,2
c3e06d8f,none_04,2024-01-02,fatigue,5
0297d915,none_04,2024-01-03,cramps,4
ed17317a,none_04,2024-01-03,bloating,4
8abf86f3,none_04,2024-01-03,mood_swings,3
0c3cd9d1,none_04,2024-01-03,fatigue,5
80fe49ed,none_04,2024-01-04,cramps,4
e09b027b,none_04,2024-01-04,bloating,3
91317d6a,none_04,2024-01-04,fatigue,5
23c3aed2,none_04,2024-01-05,cramps,3
ea294abd,none_04,2024-01-05,bloating,2
84601cbf,none_04,2024-01-05,mood_swings,4
cbe338aa,none_04,2024-01-05,fatigue,4
f6887ce2,none_04,2024-01-05,headache,5
1b3778c8,none_04,2024-01-06,bloating,3
88a093d5,none_04,2024-01-06,fatigue,4
715a3e86,none_04,2024-01-07,cramps,5
39efc6a9,none_04,2024-01-07,bloating,3
cb997eb8,none_04,2024-01-08,headache,3
7c908648,none_04,2024-01-29,cramps,2
b1685eee,none_04,2024-01-29,bloating,3
c279f97e,none_04,2024-01-29,mood_swings,4
3a722fef,none_04,2024-01-30,cramps,4
e517a80c,none_04,2024-01-30,bloating,4
7eb1e35b,none_04,2024-01-30,headache,2
7f74d2e0,none_04,2024-01-31,cramps,4
0980d45e,none_04,2024-01-31,fatigue,3
ffe1b866,none_04,2024-02-01,cramps,4
3725a127,none_04,2024-02-02,cramps,4
9582df35,none_04,2024-02-02,bloating,3
4529d0cb,none_04,2024-02-03,cramps,5
ed73a6e7,none_04,2024-02-03,mood_swings,3
0ee5bf35,none_04,2024-02-04,cramps,4
2201b905,none_04,2024-02-04,mood_swings,5
e431f75b,none_04,2024-02-22,cramps,3
ec12b57a,none_04,2024-02-22,bloating,2
fd4da25e,none_04,2024-02-22,mood_swings,3
4cc6d08d,none_04,2024-02-23,bloating,3
343bad99,none_04,2024-02-23,mood_swings,2
04d40536,none_04,2024-02-23,fatigue,5
f8265bed,none_04,2024-02-24,cramps,5
aa1a69e7,none_04,2024-02-24,fatigue,3
466d33fa,none_04,2024-02-24,headache,5
c26dae8a,none_04,2024-02-25,cramps,3
8d53da85,none_04,2024-02-25,fatigue,3
c16adb88,none_04,2024-02-25,headache,4
39d3906c,none_04,2024-02-26,bloating,5
bc9c8e34,none_04,2024-02-27,cramps,3
5bb4ae05,none_04,2024-02-27,fatigue,5
0291e564,none_04,2024-02-28,cramps,5
c90faaf1,none_04,2024-02-29,cramps,2
ef4e715d,none_04,2024-02-29,bloating,4
e602dc62,none_04,2024-02-29,fatigue,2
11a857af,none_04,2024-02-29,headache,3
d67fbf12,none_04,2024-03-20,cramps,5
84911c70,none_04,2024-03-20,fatigue,5
3b514337,none_04,2024-03-21,cramps,2
5eda524b,none_04,2024-03-21,mood_swings,5
0eeb819c,none_04,2024-03-21,headache,5
3e41b577,none_04,2024-03-22,bloating,2
3520d2a7,none_04,2024-03-22,fatigue,4
a7c6bcdc,none_04,2024-03-22,headache,4
defad52a,none_04,2024-03-23,cramps,2
dfd7e3f9,none_04,2024-03-23,bloating,4
160a2e39,none_04,2024-03-23,mood_swings,5
a2902b43,none_04,2024-03-23,headache,5
3bd304a6,none_04,2024-03-24,cramps,2
92694d1e,none_04,2024-03-24,bloating,2
d66ab062,none_04,2024-03-24,mood_swings,2
a61fdd91,none_04,2024-03-24,fatigue,3
4a7e5861,none_04,2024-03-25,bloating,3
788b8dd9,none_04,2024-03-25,mood_swings,3
39913997,none_04,2024-04-18,cramps,5
e799f1b5,none_04,2024-04-18,bloating,5
2382b3cb,none_04,2024-04-18,mood_swings,4
ad4f44fb,none_04,2024-04-19,cramps,3
653acbd7,none_04,2024-04-19,bloating,5
09954b00,none_04,2024-04-19,mood_swings,2
5d8bfaad,none_04,2024-04-19,fatigue,2
efdd9980,none_04,2024-04-20,bloating,4
53e964c6,none_04,2024-04-20,fatigue,2
5d8552a6,none_04,2024-04-21,cramps,2
49dc5108,none_04,2024-04-21,bloating,4
84aeb6c9,none_04,2024-04-21,mood_swings,2
d89f3738,none_04,2024-04-21,headache,2
8887ff4c,none_04,2024-04-22,cramps,5
7588561c,none_04,2024-04-22,bloating,3
f14ce32d,none_04,2024-04-23,cramps,2
b0d9457d,none_04,2024-04-23,headache,2
58a82f36,none_04,2024-04-24,cramps,5
504ed2a1,none_04,2024-04-24,bloating,4
f77e6a2b,none_04,2024-04-25,cramps,3
4a3c993f,none_04,2024-04-25,fatigue,3
621d17c4,none_04,2024-04-26,cramps,4
f424c7c7,none_04,2024-04-26,fatigue,5
3f1551b0,none_04,2024-05-13,cramps,5
848ef40e,none_04,2024-05-14,cramps,4
79aa2cdd,none_04,2024-05-14,mood_swings,3
93523918,none_04,2024-05-14,fatigue,3
1eeaf82a,none_04,2024-05-17,cramps,2
49945fe3,none_04,2024-05-18,cramps,3
627522ca,none_04,2024-05-18,mood_swings,4
a957f37f,none_04,2024-05-18,fatigue,2
c0c73513,none_04,2024-05-18,headache,3
d03532ac,none_04,2024-05-19,cramps,2
9eb93fcf,none_04,2024-05-19,bloating,5
b3ea2da5,none_04,2024-05-19,mood_swings,2
f0589573,none_04,2024-05-20,cramps,4
d525534f,none_04,2024-05-20,bloating,3
a368cf73,none_04,2024-05-20,fatigue,3
39f7180a,none_04,2024-06-09,mood_swings,4
1cb97b94,none_04,2024-06-10,bloating,3
63bcb9c6,none_04,2024-06-10,fatigue,3
ea67399d,none_04,2024-06-11,cramps,3
b8e1f079,none_04,2024-06-13,cramps,2
a5f990c8,none_04,2024-06-13,bloating,3
040e5bd0,none_04,2024-06-14,cramps,5
8ecdd62a,none_04,2024-06-15,bloating,5
6136176f,none_04,2024-06-15,headache,3
980d5d3e,none_04,2024-06-16,cramps,4
344126e6,none_04,2024-06-16,bloating,5
59ec8558,none_04,2024-07-07,cramps,4
84b47725,none_04,2024-07-07,mood_swings,4
f70053db,none_04,2024-07-07,fatigue,4
ac062c30,none_04,2024-07-08,cramps,3
4cbb8038,none_04,2024-07-08,bloating,5
800d8e06,none_04,2024-07-08,mood_swings,3
93455a78,none_04,2024-07-08,fatigue,3
92b7c71f,none_04,2024-07-08,headache,4
88058f12,none_04,2024-07-09,cramps,5
c988d7e1,none_04,2024-07-09,mood_swings,2
1692d3f1,none_04,2024-07-10,cramps,2
e888ec9e,none_04,2024-07-10,mood_swings,5
0796d3c1,none_04,2024-07-10,fatigue,2
95fb5db8,none_04,2024-07-11,cramps,5
28ce58d1,none_04,2024-07-11,bloating,2
e8e24e38,none_04,2024-07-11,fatigue,2
da2f98ed,none_04,2024-07-12,cramps,2
8710b616,none_04,2024-07-12,bloating,2
ead46888,none_04,2024-07-12,mood_swings,3
da8e655b,none_04,2024-07-13,cramps,5
5acfceaa,none_04,2024-07-13,headache,5
6df9ebd3,none_04,2024-07-14,cramps,5
01c7a107,none_04,2024-07-14,bloating,4
626a679f,none_04,2024-07-14,mood_swings,2
3e047ae6,none_04,2024-07-14,headache,5
632f6885,none_04,2024-08-05,cramps,3
b5bf6bc3,none_04,2024-08-05,bloating,3
63301b3e,none_04,2024-08-05,headache,3
d78c6e2b,none_04,2024-08-06,cramps,4
a5911a34,none_04,2024-08-06,mood_swings,2
612f8768,none_04,2024-08-06,fatigue,5
033c8675,none_04,2024-08-07,cramps,4
2dbb0cd1,none_04,2024-08-07,bloating,2
ee0a821b,none_04,2024-08-07,fatigue,4
ce408010,none_04,2024-08-08,bloating,3
8077aa5d,none_04,2024-08-08,headache,4
f30eed76,none_04,2024-08-09,cramps,2
ce057055,none_04,2024-08-09,bloating,2
7012bdec,none_04,2024-08-09,mood_swings,3
51785e6c,none_04,2024-08-10,cramps,2
a617bfa2,none_04,2024-08-10,bloating,5
dc334db5,none_04,2024-08-10,mood_swings,3
d6116a44,none_04,2024-08-10,headache,4
67fea78f,none_04,2024-08-11,cramps,3
5aed02d5,none_04,2024-08-12,cramps,4
95516b1c,none_04,2024-08-12,bloating,4
a30ddd12,none_04,2024-08-12,mood_swings,4
1b94842a,none_04,2024-08-12,fatigue,2
86b0a1c8,none_04,2024-08-12,headache,4
f279a415,none_04,2024-08-31,cramps,2
75a3348b,none_04,2024-08-31,bloating,5
54c95994,none_04,2024-08-31,mood_swings,5
ca0d38f6,none_04,2024-09-01,bloating,2
bb19b9b0,none_04,2024-09-01,mood_swings,5
57cd0f3c,none_04,2024-09-02,cramps,4
1b9b8f52,none_04,2024-09-02,bloating,5
54ad20e6,none_04,2024-09-02,fatigue,4
4ed94cbe,none_04,2024-09-03,cramps,4
7cd87670,none_04,2024-09-04,bloating,4
27071e15,none_04,2024-09-04,mood_swings,4
2d389ef5,none_04,2024-09-05,cramps,5
63f83b5e,none_04,2024-09-06,cramps,3
8699c7ae,none_04,2024-09-06,bloating,4
c5629749,none_04,2024-09-07,cramps,3
d1450d21,none_04,2024-09-07,fatigue,3
e8f90de7,none_04,2024-09-30,cramps,3
d6103353,none_04,2024-09-30,fatigue,2
cb44d765,none_04,2024-10-01,bloating,4
70822882,none_04,2024-10-01,fatigue,2
ef893bbb,none_04,2024-10-02,bloating,5
33d92608,none_04,2024-10-02,mood_swings,4
5ec8e566,none_04,2024-10-02,fatigue,3
afbf2600,none_04,2024-10-02,headache,3
6822ae9d,none_04,2024-10-03,cramps,4
c676841d,none_04,2024-10-03,headache,2
5570fea5,none_04,2024-10-04,cramps,5
c9f3b745,none_04,2024-10-04,bloating,5
145728c9,none_04,2024-10-05,cramps,3
f07776f9,none_04,2024-10-05,bloating,3
f6d5fa30,none_04,2024-10-05,mood_swings,2
cd927cee,none_04,2024-10-06,cramps,3
6c677f0d,none_04,2024-10-06,mood_swings,5
4cd1690b,none_04,2024-10-07,cramps,5
bc255ca8,none_04,2024-10-27,cramps,2
2faaae22,none_04,2024-10-27,headache,3
f53d4373,none_04,2024-10-28,cramps,5
7deb84b6,none_04,2024-10-28,mood_swings,5
416ef0d1,none_04,2024-10-29,cramps,4
c75fd6b6,none_04,2024-10-29,bloating,4
3ff04272,none_04,2024-10-29,fatigue,3
b64394e3,none_04,2024-10-30,cramps,2
45c0cc3f,none_04,2024-10-31,cramps,2
ba9bdb15,none_04,2024-10-31,bloating,3
f14c889d,none_04,2024-10-31,mood_swings,4
85dcf803,none_04,2024-10-31,headache,3
45d5fea1,none_04,2024-11-01,bloating,4
be17c34e,none_04,2024-11-02,bloating,2
34138ccc,none_04,2024-11-02,headache,5
b2296161,none_04,2024-11-03,fatigue,5
7c15ebe4,none_04,2024-11-03,headache,3
4cd208af,none_04,2024-11-04,fatigue,3
f998d98a,none_04,2024-11-04,headache,2
c76684e5,none_04,2024-11-26,bloating,3
7ced2063,none_04,2024-11-26,mood_swings,3
172c1cd7,none_04,2024-11-26,headache,4
58309707,none_04,2024-11-27,cramps,5
c3363807,none_04,2024-11-27,fatigue,5
da526770,none_04,2024-11-27,headache,5
b763b7f3,none_04,2024-11-28,cramps,5
75ba279b,none_04,2024-11-28,bloating,2
695e9e63,none_04,2024-11-28,mood_swings,4
6fd40e36,none_04,2024-11-29,bloating,3
266c2aff,none_04,2024-11-29,mood_swings,4
d38c476b,none_04,2024-11-29,fatigue,2
db3733f1,none_04,2024-11-30,bloating,2
dee85d68,none_04,2024-11-30,mood_swings,5
f93e22f4,none_04,2024-11-30,headache,4
4c5d6a61,none_04,2024-12-01,cramps,3
674e9ae0,none_04,2024-12-01,headache,4
ae3bb9a9,none_04,2024-12-02,cramps,5
45b8ee25,none_04,2024-12-02,headache,5
c4581cfc,none_04,2024-12-25,cramps,3
1a294092,none_04,2024-12-25,mood_swings,2
df08deec,none_04,2024-12-26,mood_swings,4
1ffc6741,none_04,2024-12-26,fatigue,4
e0a17a1f,none_04,2024-12-27,cramps,5
4233ad55,none_04,2024-12-27,headache,3
a33efe55,none_04,2024-12-28,mood_swings,2
4823e95f,none_04,2024-12-29,bloating,5
9d3d617a,none_04,2024-12-30,cramps,2
594b1317,none_04,2024-12-30,fatigue,2
ef269fc1,none_04,2024-12-31,cramps,4
3ebfd96d,none_04,2024-12-31,mood_swings,4
4418e92c,none_04,2025-01-01,cramps,2
77a2aa26,none_04,2025-01-01,mood_swings,4
aae30bac,none_04,2025-01-02,cramps,2
31757f2b,none_04,2025-01-23,bloating,2
6bfca42e,none_04,2025-01-23,fatigue,4
54caac8d,none_04,2025-01-24,cramps,4
83d71b54,none_04,2025-01-25,cramps,2
be55c1ac,none_04,2025-01-25,bloating,5
e11c23cf,none_04,2025-01-26,cramps,2
567ed8d0,none_04,2025-01-27,cramps,5
3ad536f4,none_04,2025-01-27,bloating,3
abafa5dc,none_04,2025-01-27,mood_swings,4
2edf275e,none_04,2025-01-27,fatigue,4
8e7a71a6,none_04,2025-01-27,headache,4
5836fdee,none_04,2025-01-28,headache,5
89c3f697,none_04,2025-01-29,bloating,4
4dd41f79,none_04,2025-01-30,bloating,2
2b71698e,none_04,2025-01-31,cramps,2
76a9bf71,none_04,2025-01-31,bloating,2
5ee6e235,none_04,2025-01-31,mood_swings,2
1a9da204,none_04,2025-02-20,cramps,4
6eb19ed2,none_04,2025-02-20,bloating,4
9ee3a224,none_04,2025-02-20,fatigue,3
74d0fbbe,none_04,2025-02-20,headache,4
6696b213,none_04,2025-02-21,cramps,5
ff7af1a8,none_04,2025-02-21,mood_swings,3
ab8a4c5e,none_04,2025-02-21,fatigue,2
112d5dc7,none_04,2025-02-22,cramps,2
2151252e,none_04,2025-02-22,bloating,4
55c3d643,none_04,2025-02-22,fatigue,4
dd857480,none_04,2025-02-23,cramps,4
329a0a75,none_04,2025-02-23,mood_swings,5
64e629f5,none_04,2025-02-23,fatigue,2
178a4c7b,none_04,2025-02-24,cramps,2
2e220747,none_04,2025-02-24,bloating,2
0733054e,none_04,2025-02-24,fatigue,5
b1b86ea6,none_04,2025-02-25,cramps,3
ac40d5fa,none_04,2025-02-26,bloating,3
1e39fe27,none_04,2025-02-26,mood_swings,5
56efffce,none_04,2025-02-26,fatigue,4
05e074d8,none_04,2025-02-27,bloating,3
9b2f184b,none_04,2025-02-27,fatigue,4
6f4647dc,none_04,2025-03-22,cramps,4
88c47997,none_04,2025-03-22,bloating,2
36bf76b4,none_04,2025-03-22,mood_swings,2
f9edc2d1,none_04,2025-03-23,cramps,4
954c0855,none_04,2025-03-23,mood_swings,2
d8621373,none_04,2025-03-24,cramps,2
1e869c5e,none_04,2025-03-25,cramps,3
ebfddfd6,none_04,2025-03-25,mood_swings,4
5f846ae3,none_04,2025-03-25,fatigue,5
dff2c9a3,none_04,2025-03-26,cramps,4
27979b94,none_04,2025-03-26,mood_swings,2
8cee735b,none_04,2025-03-27,bloating,5
f894c59f,none_04,2025-03-27,mood_swings,2
d0484ea5,none_04,2025-03-27,headache,5
62e07b0d,none_04,2025-03-28,cramps,2
d56dfdae,none_04,2025-04-20,cramps,3
1d9b25bd,none_04,2025-04-20,headache,3
e3930790,none_04,2025-04-21,cramps,5
09598af1,none_04,2025-04-21,mood_swings,5
72165f66,none_04,2025-04-21,fatigue,4
50239d1e,none_04,2025-04-21,headache,4
e288f547,none_04,2025-04-23,cramps,5
6c467fbe,none_04,2025-04-23,fatigue,2
7a0e5990,none_04,2025-04-23,headache,4
d35bbfa1,none_04,2025-04-24,cramps,4
5f9ea8cd,none_04,2025-04-24,mood_swings,5
f9a52462,none_04,2025-04-25,cramps,5
49509087,none_04,2025-04-25,headache,5
a51e12d4,none_04,2025-04-26,bloating,5
b8a00499,none_04,2025-04-26,mood_swings,3
63dd7227,none_04,2025-04-26,fatigue,2
0d68d5bc,none_04,2025-04-27,cramps,5
789323c3,none_04,2025-04-27,fatigue,3
9165940d,none_04,2025-05-21,fatigue,5
142fd033,none_04,2025-05-22,cramps,4
e2feffeb,none_04,2025-05-22,bloating,5
5a8c57e6,none_04,2025-05-23,cramps,4
f9032d37,none_04,2025-05-23,bloating,4
223ed4a3,none_04,2025-05-23,mood_swings,2
eeb32221,none_04,2025-05-24,cramps,5
302fa92c,none_04,2025-05-24,mood_swings,4
addf0a06,none_04,2025-05-24,headache,2
09916f0e,none_04,2025-05-25,cramps,2
60898bf3,none_04,2025-05-26,mood_swings,5
289ac74b,none_04,2025-05-27,bloating,4
200e44eb,none_04,2025-05-27,mood_swings,2
03e39b23,none_04,2025-06-19,cramps,2
e5bc4213,none_04,2025-06-19,mood_swings,2
41e07433,none_04,2025-06-19,fatigue,2
81165ae8,none_04,2025-06-19,headache,2
21808f96,none_04,2025-06-20,bloating,3
97fb06ff,none_04,2025-06-20,fatigue,4
b869fd50,none_04,2025-06-20,headache,2
c1497ee4,none_04,2025-06-21,cramps,3
262d3c6c,none_04,2025-06-21,mood_swings,3
bb202990,none_04,2025-06-21,fatigue,3
89952413,none_04,2025-06-22,mood_swings,2
875caf24,none_04,2025-06-24,cramps,3
49e68f5a,none_04,2025-06-24,bloating,4
bebf46e8,none_04,2025-06-24,mood_swings,4
273aa990,none_04,2025-06-24,headache,3
7678afcd,none_04,2025-06-25,cramps,5
8e531c20,none_04,2025-06-25,bloating,3
ceeb473a,none_04,2025-06-25,mood_swings,5
df86b626,none_04,2025-06-25,headache,5
0f2caa21,none_04,2025-06-26,cramps,5
ef0d139b,none_04,2025-06-26,bloating,4
d62fce99,none_04,2025-06-26,headache,4
eb0cc27e,none_04,2025-06-27,bloating,4
6e520e65,none_04,2025-06-27,mood_swings,4
b8c05051,none_04,2025-06-27,headache,5
a6bd41f6,none_04,2025-06-28,cramps,3
17f16045,none_04,2025-06-28,fatigue,4
bcbd5cda,none_04,2025-07-17,cramps,2
4b22ace9,none_04,2025-07-17,mood_swings,2
a420f5c4,none_04,2025-07-18,cramps,4
e77edef4,none_04,2025-07-18,bloating,2
8677f7e9,none_04,2025-07-18,mood_swings,2
7770e622,none_04,2025-07-18,fatigue,3
0eedeab8,none_04,2025-07-19,cramps,2
4726c424,none_04,2025-07-19,bloating,3
f73cb7d3,none_04,2025-07-19,mood_swings,3
7a999a6f,none_04,2025-07-20,cramps,5
f93e55df,none_04,2025-07-20,mood_swings,5
ccafdb46,none_04,2025-07-20,headache,5
4d7e25db,none_04,2025-07-21,cramps,4
742252d9,none_04,2025-07-21,bloating,2
8494e847,none_04,2025-07-21,mood_swings,2
6fa5f580,none_04,2025-07-22,cramps,4
f3633725,none_04,2025-07-22,bloating,2
27002c13,none_04,2025-07-23,cramps,5
d4cdf01a,none_04,2025-07-23,bloating,5
3dd6660e,none_04,2025-07-23,mood_swings,2
f5d0f320,none_04,2025-07-24,cramps,2
b2f96cab,none_04,2025-07-24,bloating,4
f8c7c64b,none_04,2025-07-24,fatigue,5
cca8501c,none_04,2025-07-24,headache,2
fe45d796,none_04,2025-07-25,mood_swings,4
0a548e23,none_04,2025-08-14,cramps,5
7b30fb63,none_04,2025-08-14,bloating,2
f1265bae,none_04,2025-08-14,fatigue,5
bb9e548c,none_04,2025-08-14,headache,4
3226da43,none_04,2025-08-15,cramps,4
7810b848,none_04,2025-08-15,bloating,2
fc4154be,none_04,2025-08-15,mood_swings,4
8dbd4c12,none_04,2025-08-15,fatigue,5
1d7f2544,none_04,2025-08-16,cramps,3
e032b4ca,none_04,2025-08-16,bloating,2
5931fc8a,none_04,2025-08-16,headache,5
5c4e7e15,none_04,2025-08-17,mood_swings,2
63bc8a7b,none_04,2025-08-18,cramps,2
24c03354,none_04,2025-08-18,bloating,3
308bc665,none_04,2025-08-18,fatigue,4
8137b99e,none_04,2025-08-19,fatigue,4
5b95ad53,none_04,2025-08-19,headache,2
cd34c120,none_04,2025-08-20,cramps,3
2efe72a0,none_04,2025-08-21,bloating,3
c2c0418d,none_04,2025-08-21,fatigue,3
60d93cdf,none_05,2024-01-02,cramps,3
3f198453,none_05,2024-01-02,mood_swings,4
caac31aa,none_05,2024-01-03,bloating,2
25133af5,none_05,2024-01-04,cramps,5
0c80481a,none_05,2024-01-04,bloating,2
14237ac8,none_05,2024-01-04,mood_swings,2
12ac638b,none_05,2024-01-05,cramps,5
e238799a,none_05,2024-01-05,mood_swings,4
36fcf67c,none_05,2024-01-06,mood_swings,3
682cd1b1,none_05,2024-01-07,cramps,4
eb68fe68,none_05,2024-01-07,bloating,2
549b7a29,none_05,2024-01-07,fatigue,2
216276ee,none_05,2024-02-01,fatigue,2
1ab4d890,none_05,2024-02-01,headache,4
3a46d8a1,none_05,2024-02-02,cramps,5
b68fb393,none_05,2024-02-02,bloating,5
03ae5cf8,none_05,2024-02-02,mood_swings,2
26f707ba,none_05,2024-02-02,headache,2
e0ff6627,none_05,2024-02-03,cramps,2
c625a5b4,none_05,2024-02-03,bloating,3
c682e2ce,none_05,2024-02-04,cramps,4
423cbc2a,none_05,2024-02-04,bloating,2
49438ce3,none_05,2024-02-04,mood_swings,2
aed2d7e7,none_05,2024-02-04,fatigue,5
d3d9f0c6,none_05,2024-02-05,cramps,3
ff292270,none_05,2024-02-05,bloating,5
302a6d46,none_05,2024-02-05,mood_swings,5
da9fdfcf,none_05,2024-02-05,fatigue,5
5413af0b,none_05,2024-02-05,headache,4
def5cf39,none_05,2024-02-06,cramps,3
010c5bdd,none_05,2024-02-06,fatigue,3
9d7938be,none_05,2024-02-06,headache,2
72a0cced,none_05,2024-02-07,cramps,2
c2fbcea3,none_05,2024-02-07,fatigue,4
1cec66db,none_05,2024-02-07,headache,4
4d93aa6f,none_05,2024-02-08,cramps,3
7e830d28,none_05,2024-02-08,fatigue,5
051a40da,none_05,2024-03-01,cramps,5
fa81a285,none_05,2024-03-01,bloating,5
4ed483aa,none_05,2024-03-01,fatigue,4
ff535b32,none_05,2024-03-02,cramps,3
46a437df,none_05,2024-03-02,headache,5
fcc7b227,none_05,2024-03-04,cramps,2
051dbc68,none_05,2024-03-04,bloating,3
9e808559,none_05,2024-03-04,mood_swings,2
982160b5,none_05,2024-03-05,cramps,4
4fc7ba7b,none_05,2024-03-05,bloating,2
3064e9a3,none_05,2024-03-05,mood_swings,4
4a2753e8,none_05,2024-03-05,fatigue,5
645f8027,none_05,2024-03-06,bloating,5
bc0443fa,none_05,2024-03-06,fatigue,5
79889f40,none_05,2024-03-06,headache,4
d5a4afd9,none_05,2024-03-07,cramps,2
e7a90218,none_05,2024-03-07,mood_swings,4
b6c6969e,none_05,2024-03-07,headache,4
5090ff3b,none_05,2024-03-08,cramps,3
7944a7f9,none_05,2024-03-08,mood_swings,4
7beb60b3,none_05,2024-03-08,headache,4
8fc83665,none_05,2024-03-30,cramps,2
1dc9a003,none_05,2024-03-30,bloating,3
7895b33e,none_05,2024-03-31,bloating,4
7526faa1,none_05,2024-03-31,mood_swings,2
d3c973e4,none_05,2024-04-02,cramps,4
e9b174ad,none_05,2024-04-02,fatigue,4
92bf12fc,none_05,2024-04-03,cramps,2
e562666f,none_05,2024-04-03,bloating,4
ca25ffb0,none_05,2024-04-04,cramps,2
2f1b8430,none_05,2024-04-04,bloating,5
448a3022,none_05,2024-04-04,mood_swings,5
8dcde41e,none_05,2024-04-04,headache,2
aa57c191,none_05,2024-04-05,cramps,4
24149501,none_05,2024-04-05,bloating,3
62408edb,none_05,2024-04-06,cramps,4
7314d8ac,none_05,2024-04-06,bloating,3
f0727133,none_05,2024-04-28,cramps,3
4b0eabe8,none_05,2024-04-29,cramps,4
df9aa9c7,none_05,2024-04-29,bloating,5
5725b8b2,none_05,2024-04-30,cramps,4
916d97aa,none_05,2024-04-30,bloating,4
1355cfcb,none_05,2024-04-30,headache,4
6aa4886b,none_05,2024-05-01,cramps,3
a97c8ad8,none_05,2024-05-01,mood_swings,4
22a6d312,none_05,2024-05-01,fatigue,3
5fbd892d,none_05,2024-05-02,cramps,3
8762f85b,none_05,2024-05-02,bloating,2
5d8f90d3,none_05,2024-05-02,mood_swings,4
e679eda0,none_05,2024-05-03,cramps,3
eb18f867,none_05,2024-05-03,mood_swings,4
8b17c7ae,none_05,2024-05-03,headache,5
8a5011fe,none_05,2024-05-04,cramps,3
185c72f8,none_05,2024-05-04,mood_swings,2
cfd342f2,none_05,2024-05-05,cramps,5
ad302aa8,none_05,2024-05-05,mood_swings,4
ddf7a1ee,none_05,2024-05-05,headache,4
64827965,none_05,2024-05-27,cramps,2
e9743649,none_05,2024-05-27,fatigue,2
670d068c,none_05,2024-05-28,cramps,3
d20d0e74,none_05,2024-05-28,bloating,2
f92535ff,none_05,2024-05-28,mood_swings,3
3bebf3b6,none_05,2024-05-28,headache,4
eaa8e3ce,none_05,2024-05-29,cramps,2
a6a06eaa,none_05,2024-05-29,headache,5
977c1bf7,none_05,2024-05-30,cramps,4
7bbe27f5,none_05,2024-05-30,fatigue,4
a15910e2,none_05,2024-05-31,bloating,5
0bb4a586,none_05,2024-05-31,mood_swings,4
733defa2,none_05,2024-06-01,cramps,2
356477f1,none_05,2024-06-01,bloating,5
f7695258,none_05,2024-06-02,cramps,5
ebf47e80,none_05,2024-06-03,cramps,4
06c4fbd1,none_05,2024-06-03,bloating,4
a6f2c857,none_05,2024-06-03,mood_swings,5
c37eeeb1,none_05,2024-06-03,fatigue,5
8dd5ca0b,none_05,2024-06-24,cramps,3
5406116c,none_05,2024-06-24,bloating,5
8c003993,none_05,2024-06-24,mood_swings,5
5568fde6,none_05,2024-06-24,fatigue,4
538fe0d2,none_05,2024-06-25,cramps,5
3fe20fbe,none_05,2024-06-25,bloating,2
3faba7e7,none_05,2024-06-25,mood_swings,4
2945d2df,none_05,2024-06-26,cramps,4
caf63782,none_05,2024-06-26,bloating,5
b328645a,none_05,2024-06-26,headache,4
9a69f966,none_05,2024-06-27,cramps,2
9c2ed384,none_05,2024-06-27,mood_swings,5
42feff5c,none_05,2024-06-28,cramps,5
81c93b8c,none_05,2024-06-29,cramps,4
d400bd5c,none_05,2024-06-29,bloating,2
198dac8f,none_05,2024-06-29,mood_swings,5
3ed68fc2,none_05,2024-06-29,headache,3
ae3a2555,none_05,2024-06-30,cramps,4
a957f0d5,none_05,2024-06-30,bloating,4
fd39d77b,none_05,2024-06-30,mood_swings,4
1664b52e,none_05,2024-07-01,cramps,3
fd4841fa,none_05,2024-07-01,fatigue,4
55c65e80,none_05,2024-07-23,cramps,2
bbc21294,none_05,2024-07-23,mood_swings,3
ea113e1d,none_05,2024-07-23,fatigue,4
0875ed66,none_05,2024-07-24,cramps,4
be7df3ec,none_05,2024-07-24,mood_swings,3
53b38d4b,none_05,2024-07-24,fatigue,3
9a765e7c,none_05,2024-07-27,cramps,3
72476977,none_05,2024-07-29,bloating,2
4e723a83,none_05,2024-07-29,mood_swings,3
d9b5e67a,none_05,2024-08-18,cramps,2
ad64ab45,none_05,2024-08-18,bloating,5
86f41e5a,none_05,2024-08-18,fatigue,2
fa6890e5,none_05,2024-08-18,headache,2
e65b04bd,none_05,2024-08-19,cramps,4
f9420851,none_05,2024-08-19,bloating,4
9651007b,none_05,2024-08-20,bloating,3
95fb19c9,none_05,2024-08-20,mood_swings,4
fd1cec28,none_05,2024-08-20,fatigue,3
245b5667,none_05,2024-08-21,mood_swings,3
d0172f09,none_05,2024-08-22,cramps,2
f8940a9e,none_05,2024-08-22,bloating,2
b72114f3,none_05,2024-08-23,cramps,2
8897db7b,none_05,2024-08-23,mood_swings,3
246a4cc7,none_05,2024-08-24,cramps,3
30f1aa7e,none_05,2024-08-24,bloating,2
4ab0b668,none_05,2024-08-24,mood_swings,4
19a3cfc2,none_05,2024-08-25,cramps,5
e7c0e5c4,none_05,2024-08-25,bloating,4
7d982689,none_05,2024-08-25,mood_swings,2
fb608b56,none_05,2024-08-26,cramps,4
7af854d9,none_05,2024-08-26,mood_swings,4
dc4008d9,none_05,2024-09-16,cramps,5
6c6fad87,none_05,2024-09-16,bloating,5
5c00be15,none_05,2024-09-16,mood_swings,5
cd65c467,none_05,2024-09-16,fatigue,2
c9f783ce,none_05,2024-09-17,mood_swings,2
dbac1563,none_05,2024-09-18,cramps,5
fde8f29f,none_05,2024-09-18,fatigue,5
d3990b36,none_05,2024-09-19,cramps,2
35f019af,none_05,2024-09-19,fatigue,4
cc13cd6a,none_05,2024-09-20,cramps,5
5ee6f2ad,none_05,2024-09-20,bloating,5
279357da,none_05,2024-09-20,fatigue,4
a6d8a118,none_05,2024-09-21,mood_swings,5
50ba9ee1,none_05,2024-09-22,cramps,5
f255a6bf,none_05,2024-09-22,bloating,4
891db448,none_05,2024-09-22,fatigue,3
2379024e,none_05,2024-09-22,headache,2
8cc70eda,none_05,2024-09-23,bloating,2
e782e60c,none_05,2024-09-24,cramps,2
a8494f62,none_05,2024-09-25,cramps,4
85abdd9f,none_05,2024-09-25,fatigue,4
36e8305b,none_05,2024-10-16,fatigue,5
b798d64a,none_05,2024-10-17,cramps,5
252a82d7,none_05,2024-10-17,bloating,3
1fbea7b4,none_05,2024-10-18,bloating,3
81294779,none_05,2024-10-18,mood_swings,5
4d809ab8,none_05,2024-10-18,headache,5
7b8170be,none_05,2024-10-19,cramps,5
86374cb8,none_05,2024-10-19,bloating,3
0b0ab728,none_05,2024-10-20,mood_swings,4
b65acd69,none_05,2024-10-20,headache,2
caccaea1,none_05,2024-10-21,cramps,4
d41f4747,none_05,2024-10-21,bloating,2
0f0ba5da,none_05,2024-10-22,cramps,4
45726b67,none_05,2024-10-22,bloating,2
d9b443b4,none_05,2024-10-22,fatigue,4
1baf7eed,none_05,2024-10-23,bloating,4
4d0603e5,none_05,2024-10-23,mood_swings,3
b9987c76,none_05,2024-10-23,fatigue,4
ba28e87f,none_05,2024-10-23,headache,5
4b881e82,none_05,2024-11-13,cramps,5
93d4fc81,none_05,2024-11-14,cramps,5
5cd3522f,none_05,2024-11-14,bloating,3
2758f13a,none_05,2024-11-14,mood_swings,4
82803e06,none_05,2024-11-14,fatigue,4
79f99473,none_05,2024-11-15,cramps,5
20993114,none_05,2024-11-15,fatigue,3
6915afde,none_05,2024-11-15,headache,2
87d9ca65,none_05,2024-11-16,cramps,5
3a58ca7b,none_05,2024-11-17,cramps,4
77a8b1c8,none_05,2024-11-17,bloating,5
931b63b5,none_05,2024-11-17,headache,4
eff42ca6,none_05,2024-11-18,cramps,4
ae4dc09f,none_05,2024-11-18,bloating,4
f40e437c,none_05,2024-11-18,mood_swings,5
ee163842,none_05,2024-11-18,fatigue,5
ad77502c,none_05,2024-12-10,cramps,3
fc43cc21,none_05,2024-12-10,mood_swings,5
14bf9eb3,none_05,2024-12-10,fatigue,5
4ec0dd02,none_05,2024-12-11,bloating,3
ccdfb296,none_05,2024-12-11,mood_swings,3
42d9133b,none_05,2024-12-11,fatigue,4
55709a7b,none_05,2024-12-12,cramps,2
f100b310,none_05,2024-12-12,fatigue,4
07b65e13,none_05,2024-12-13,cramps,3
11a01800,none_05,2024-12-13,bloating,2
bcde066d,none_05,2024-12-13,mood_swings,2
77eb540a,none_05,2024-12-13,fatigue,4
342608fe,none_05,2024-12-14,cramps,5
e62bf414,none_05,2024-12-14,bloating,2
c95886cc,none_05,2024-12-14,mood_swings,4
4f8b5d7c,none_05,2024-12-14,fatigue,4
98a1d84e,none_05,2024-12-15,cramps,3
5ca6d8fd,none_05,2024-12-15,mood_swings,5
81f24819,none_05,2024-12-15,headache,2
d595d63a,none_05,2025-01-05,bloating,2
e0a2da68,none_05,2025-01-06,bloating,2
cad52a0c,none_05,2025-01-06,mood_swings,2
7eae0d53,none_05,2025-01-08,cramps,2
b0d02759,none_05,2025-01-08,bloating,4
7010ab27,none_05,2025-01-08,fatigue,2
8b04e1a5,none_05,2025-01-09,cramps,2
1e65df12,none_05,2025-01-09,bloating,5
3dbd72cc,none_05,2025-01-09,fatigue,4
38d5d784,none_05,2025-01-10,bloating,4
b2df9fb5,none_05,2025-01-10,fatigue,2
6b76ed31,none_05,2025-01-11,cramps,2
e8a29e68,none_05,2025-01-11,fatigue,5
039b2352,none_05,2025-01-12,bloating,2
1f5bc89e,none_05,2025-01-12,fatigue,5
3777cdda,none_05,2025-02-01,bloating,2
7b59c917,none_05,2025-02-01,headache,3
d2d781e8,none_05,2025-02-03,cramps,2
88664f34,none_05,2025-02-05,cramps,2
6c90e02c,none_05,2025-02-05,bloating,4
dc0060ea,none_05,2025-02-05,fatigue,2
44954cd2,none_05,2025-02-06,cramps,5
44208acd,none_05,2025-02-06,mood_swings,5
a45089c7,none_05,2025-02-06,fatigue,4
a4dcf13c,none_05,2025-02-07,cramps,3
04fd8b88,none_05,2025-02-07,bloating,3
ad1eabc0,none_05,2025-02-08,cramps,5
df83f6d5,none_05,2025-02-08,mood_swings,3
da67266f,none_05,2025-02-09,bloating,5
ad65633b,none_05,2025-02-09,mood_swings,5
ef43aed2,none_05,2025-03-03,bloating,3
c402b70a,none_05,2025-03-03,mood_swings,5
68511c3b,none_05,2025-03-03,headache,4
f5b4379d,none_05,2025-03-04,cramps,2
1a03f04a,none_05,2025-03-04,bloating,5
a1a7f169,none_05,2025-03-05,cramps,3
005d745a,none_05,2025-03-05,mood_swings,4
ca2418ff,none_05,2025-03-05,fatigue,5
478128cf,none_05,2025-03-06,cramps,3
bebcc108,none_05,2025-03-06,fatigue,3
01d30c64,none_05,2025-03-07,cramps,3
b35458e1,none_05,2025-03-07,bloating,4
ee90e966,none_05,2025-03-07,mood_swings,5
bc25faa1,none_05,2025-03-08,cramps,5
7e1ac491,none_05,2025-03-08,bloating,5
aa2defe3,none_05,2025-03-08,mood_swings,4
6939f596,none_05,2025-04-02,cramps,4
5b30c32c,none_05,2025-04-02,bloating,2
72b9d2c1,none_05,2025-04-02,mood_swings,3
bb83eff2,none_05,2025-04-03,cramps,2
551d7450,none_05,2025-04-03,bloating,5
3e39e6a8,none_05,2025-04-03,mood_swings,5
bd435cfc,none_05,2025-04-03,headache,2
ebb28e45,none_05,2025-04-04,cramps,4
71504bb4,none_05,2025-04-04,bloating,5
e625ea57,none_05,2025-04-04,headache,4
b9ddb5c0,none_05,2025-04-05,bloating,4
ff9bad12,none_05,2025-04-05,mood_swings,2
f8fcc1ed,none_05,2025-04-06,bloating,4
c4e06523,none_05,2025-04-06,fatigue,4
58ba9b53,none_05,2025-04-07,bloating,4
719224cc,none_05,2025-04-07,fatigue,5
cc3d84e6,none_05,2025-04-08,cramps,5
07bb2313,none_05,2025-04-08,bloating,3
f40642d2,none_05,2025-04-08,mood_swings,3
43774b22,none_05,2025-04-08,fatigue,4
1dc05c03,none_05,2025-04-08,headache,5
c1509128,none_05,2025-04-09,cramps,5
ddb927f6,none_05,2025-04-09,bloating,4
1dcd9efe,none_05,2025-04-27,cramps,4
9a3b8f39,none_05,2025-04-27,bloating,4
f55a8bbf,none_05,2025-04-27,mood_swings,3
b377a89d,none_05,2025-04-28,cramps,3
01d2bdd5,none_05,2025-04-29,cramps,2
508f39d8,none_05,2025-04-29,bloating,5
8413f74f,none_05,2025-04-29,headache,2
5de11c7d,none_05,2025-04-30,cramps,2
92b51c17,none_05,2025-04-30,mood_swings,2
e471d9ea,none_05,2025-05-01,cramps,4
8f424603,none_05,2025-05-01,mood_swings,2
ee5408b7,none_05,2025-05-02,cramps,3
914bbe9e,none_05,2025-05-02,bloating,2
b38887db,none_05,2025-05-02,fatigue,2
9de146ce,none_05,2025-05-03,cramps,5
47103d11,none_05,2025-05-03,bloating,4
333073d8,none_05,2025-05-03,mood_swings,5
b08dd576,none_05,2025-05-03,fatigue,3
f8ee0367,none_05,2025-05-03,headache,5
da933aae,none_05,2025-05-04,cramps,3
b34a75a8,none_05,2025-05-04,bloating,5
b069dc49,none_05,2025-05-05,mood_swings,2
fbe2a22f,none_05,2025-05-26,cramps,5
00d3a1c7,none_05,2025-05-26,bloating,5
4924710b,none_05,2025-05-27,cramps,2
7d965ed8,none_05,2025-05-28,headache,5
09c5f256,none_05,2025-05-29,cramps,5
cc432912,none_05,2025-05-29,bloating,3
795078e1,none_05,2025-05-29,headache,5
5b123ba4,none_05,2025-05-30,cramps,2
f2a2c0d5,none_05,2025-05-31,cramps,5
3777e968,none_05,2025-05-31,fatigue,4
a684c201,none_05,2025-06-26,mood_swings,5
7a926afd,none_05,2025-06-26,headache,5
df4d30cb,none_05,2025-06-27,bloating,4
791386a5,none_05,2025-06-27,mood_swings,3
85ea51de,none_05,2025-06-27,fatigue,2
5f15e859,none_05,2025-06-28,cramps,2
781872a2,none_05,2025-06-28,bloating,2
9c7be8e4,none_05,2025-06-28,mood_swings,2
4e5bbd46,none_05,2025-06-28,fatigue,5
b2b8c9a8,none_05,2025-06-29,cramps,5
f7d9694f,none_05,2025-06-29,bloating,4
b2fd7948,none_05,2025-06-30,bloating,3
fb617277,none_05,2025-06-30,mood_swings,2
8e0514ad,none_05,2025-07-01,cramps,2
0777726d,none_05,2025-07-01,bloating,3
5d221bb7,none_05,2025-07-02,bloating,4
e63c90b4,none_05,2025-07-02,fatigue,5
2634054b,none_05,2025-07-02,headache,3
21737ea4,none_05,2025-07-03,headache,5
9a9a0136,none_05,2025-07-24,cramps,5
c08b3935,none_05,2025-07-24,bloating,2
202e37dd,none_05,2025-07-24,mood_swings,5
e7d7fa6a,none_05,2025-07-25,fatigue,5
315e9067,none_05,2025-07-26,cramps,5
1a3c97cf,none_05,2025-07-26,bloating,2
a1f5a8f4,none_05,2025-07-27,cramps,5
96b518a3,none_05,2025-07-27,mood_swings,4
5929e829,none_05,2025-07-28,cramps,3
04cebd06,none_05,2025-07-28,bloating,5
468f7a43,none_05,2025-07-28,mood_swings,3
ed76c54f,none_05,2025-07-30,bloating,5
c893c016,none_05,2025-08-19,mood_swings,2
e1325199,none_05,2025-08-19,headache,3
6790bd62,none_05,2025-08-20,cramps,5
13c1fc67,none_05,2025-08-20,bloating,5
9b6357b6,none_05,2025-08-20,headache,2
d785e5c5,none_05,2025-08-21,bloating,4
2dbed0e1,none_05,2025-08-21,mood_swings,3
27a9afeb,none_05,2025-08-21,fatigue,2
945c734b,none_05,2025-08-22,cramps,2
ed5a5f5d,none_05,2025-08-22,mood_swings,3
2ce09d73,none_05,2025-08-24,fatigue,2
886ca89b,none_05,2025-08-25,cramps,5
3da48af2,none_05,2025-08-26,cramps,2
e2c551df,none_05,2025-08-26,mood_swings,2
f2ae359f,none_05,2025-08-26,fatigue,2
78d224c5,none_06,2024-01-01,bloating,5
cbf03f05,none_06,2024-01-02,cramps,2
e6d848e0,none_06,2024-01-02,bloating,2
2c510ca4,none_06,2024-01-02,headache,4
dfbabe76,none_06,2024-01-03,cramps,3
55a5a75a,none_06,2024-01-03,bloating,5
32821654,none_06,2024-01-04,bloating,4
8ea4f9e4,none_06,2024-01-05,mood_swings,4
0336cbe2,none_06,2024-01-05,fatigue,4
ef9d773e,none_06,2024-01-06,cramps,3
5797c038,none_06,2024-01-06,fatigue,5
e1a0c17a,none_06,2024-01-07,fatigue,4
f6e21fdd,none_06,2024-01-07,headache,4
c4a6f2ca,none_06,2024-01-27,cramps,3
891941b7,none_06,2024-01-27,bloating,4
9800972e,none_06,2024-01-27,headache,2
33d77fb9,none_06,2024-01-28,mood_swings,4
8422bb5e,none_06,2024-01-29,cramps,2
50902213,none_06,2024-01-29,mood_swings,4
5ae7eaab,none_06,2024-01-29,fatigue,2
3ac42256,none_06,2024-01-30,cramps,2
ea3da5e8,none_06,2024-01-30,bloating,3
c10624fc,none_06,2024-02-01,cramps,3
3ffc123e,none_06,2024-02-01,fatigue,4
2de6cbc4,none_06,2024-02-02,cramps,4
11305de4,none_06,2024-02-02,bloating,3
15d4df68,none_06,2024-02-02,headache,2
55bb3093,none_06,2024-02-03,cramps,3
3218b2c7,none_06,2024-02-03,bloating,5
3fa6caa1,none_06,2024-02-03,mood_swings,5
9d121cde,none_06,2024-02-04,cramps,4
9d0f4f24,none_06,2024-02-25,cramps,3
6f114c7d,none_06,2024-02-25,bloating,3
a5373c3c,none_06,2024-02-26,cramps,2
8d932a73,none_06,2024-02-26,fatigue,3
4a072abc,none_06,2024-02-27,cramps,2
2639f696,none_06,2024-02-27,fatigue,4
78701ea8,none_06,2024-02-27,headache,3
5ced7a9d,none_06,2024-02-28,cramps,4
64497383,none_06,2024-02-28,mood_swings,5
2c894582,none_06,2024-02-28,fatigue,3
c452f6d1,none_06,2024-02-28,headache,5
62ef4934,none_06,2024-02-29,cramps,4
cccdc6f1,none_06,2024-02-29,mood_swings,5
0970884f,none_06,2024-02-29,fatigue,4
a2f8c6a7,none_06,2024-02-29,headache,2
5c198fb0,none_06,2024-03-01,cramps,4
4b5e732b,none_06,2024-03-24,bloating,5
1f2030a8,none_06,2024-03-24,mood_swings,5
7a1d8786,none_06,2024-03-24,headache,5
db824087,none_06,2024-03-26,fatigue,2
f3d82682,none_06,2024-03-26,headache,2
365a08bb,none_06,2024-03-27,headache,3
e5eb2810,none_06,2024-03-28,bloating,3
3fcdb26b,none_06,2024-03-28,mood_swings,5
fd2e7df6,none_06,2024-03-28,fatigue,4
737b0373,none_06,2024-03-29,cramps,2
130356d3,none_06,2024-03-29,bloating,3
cc1b158e,none_06,2024-03-30,cramps,2
12f2f9b3,none_06,2024-03-30,fatigue,3
df67b927,none_06,2024-03-30,headache,2
913d0899,none_06,2024-04-20,cramps,2
87b7af51,none_06,2024-04-20,mood_swings,2
671fdf0e,none_06,2024-04-20,headache,2
d3d9ccdb,none_06,2024-04-21,cramps,5
7e484e15,none_06,2024-04-21,mood_swings,2
87a56e86,none_06,2024-04-21,fatigue,3
1ab6ccb0,none_06,2024-04-22,cramps,5
4dcc387d,none_06,2024-04-22,headache,4
c1dc0bfb,none_06,2024-04-23,cramps,5
b53a8e23,none_06,2024-04-23,bloating,2
3610d76c,none_06,2024-04-23,fatigue,2
47763ecc,none_06,2024-04-23,headache,2
8c1599e4,none_06,2024-04-24,cramps,3
59fc85a6,none_06,2024-04-24,bloating,5
66e0977c,none_06,2024-04-25,bloating,3
3cb024ba,none_06,2024-04-26,bloating,2
849c591e,none_06,2024-04-27,cramps,3
f35bc46e,none_06,2024-04-27,bloating,5
0ddb3eb2,none_06,2024-04-27,mood_swings,4
78bae259,none_06,2024-04-28,cramps,3
ec688399,none_06,2024-04-28,fatigue,2
d6ddce8c,none_06,2024-05-17,cramps,4
d25f2ec7,none_06,2024-05-17,mood_swings,4
34753c11,none_06,2024-05-18,cramps,5
94f3265a,none_06,2024-05-18,bloating,4
045097a1,none_06,2024-05-18,mood_swings,5
b6007470,none_06,2024-05-19,bloating,2
45544f08,none_06,2024-05-19,fatigue,2
7c21ee9e,none_06,2024-05-20,cramps,5
53716fbc,none_06,2024-05-21,cramps,2
94311a10,none_06,2024-05-21,headache,5
26e324e4,none_06,2024-05-22,bloating,3
30f5ece0,none_06,2024-05-23,cramps,4
0aafc124,none_06,2024-05-23,fatigue,2
072ecb58,none_06,2024-05-24,cramps,4
7211423c,none_06,2024-05-24,bloating,4
f87fde05,none_06,2024-05-24,fatigue,5
6fb72e6e,none_06,2024-06-13,mood_swings,5
0171a328,none_06,2024-06-13,fatigue,4
b5187bfc,none_06,2024-06-14,cramps,3
24efa7d6,none_06,2024-06-15,cramps,3
bd84a827,none_06,2024-06-15,mood_swings,3
9c1c3d20,none_06,2024-06-16,cramps,2
c96b6645,none_06,2024-06-16,headache,5
097ebd07,none_06,2024-06-17,cramps,5
5d80eca8,none_06,2024-06-17,fatigue,4
2f1fd44e,none_06,2024-06-18,bloating,5
fe42745f,none_06,2024-06-18,headache,3
c4c83256,none_06,2024-06-19,cramps,5
c9b99110,none_06,2024-06-19,mood_swings,5
0bf23c93,none_06,2024-06-19,fatigue,2
7eae16b7,none_06,2024-06-20,mood_swings,5
fdac0ab1,none_06,2024-06-21,cramps,4
d3df731e,none_06,2024-06-21,bloating,2
0591c671,none_06,2024-06-21,mood_swings,5
b546ef35,none_06,2024-07-13,cramps,4
9ec64aae,none_06,2024-07-13,headache,2
dfcde344,none_06,2024-07-15,cramps,2
fdf6a659,none_06,2024-07-15,mood_swings,2
afda1b94,none_06,2024-07-15,headache,5
8d7214a2,none_06,2024-07-16,cramps,5
0c4698d5,none_06,2024-07-16,bloating,2
f4783f62,none_06,2024-07-16,fatigue,5
a5dddb31,none_06,2024-07-17,cramps,5
5f6d707f,none_06,2024-07-17,bloating,2
74a738f9,none_06,2024-07-18,cramps,2
6807c0d6,none_06,2024-07-18,bloating,2
0b70fd82,none_06,2024-07-18,headache,2
82a3454b,none_06,2024-07-19,cramps,2
4facfcb0,none_06,2024-07-19,headache,4
83cdf4c3,none_06,2024-08-13,cramps,3
c30ca4bd,none_06,2024-08-13,bloating,2
8e018652,none_06,2024-08-13,mood_swings,4
244d94d7,none_06,2024-08-14,cramps,4
73e4dbaa,none_06,2024-08-14,bloating,3
70f845f4,none_06,2024-08-14,mood_swings,4
3b6f5522,none_06,2024-08-14,headache,2
1755d540,none_06,2024-08-15,cramps,3
f67c4d49,none_06,2024-08-15,bloating,2
82e84480,none_06,2024-08-15,fatigue,3
de0a1cc0,none_06,2024-08-16,cramps,2
543f76be,none_06,2024-08-16,bloating,5
0b46d866,none_06,2024-08-17,cramps,4
46ff4d9d,none_06,2024-08-17,fatigue,5
ebd2e4f9,none_06,2024-08-18,bloating,2
1ea03e1d,none_06,2024-08-19,cramps,5
b79c0ae9,none_06,2024-08-20,cramps,3
51503f33,none_06,2024-08-20,mood_swings,2
598bfc98,none_06,2024-08-20,fatigue,2
a5050de9,none_06,2024-09-08,cramps,4
27a5e1d1,none_06,2024-09-08,bloating,2
ef5e2bc3,none_06,2024-09-08,mood_swings,4
f7199b2b,none_06,2024-09-08,fatigue,4
ae058fa6,none_06,2024-09-09,cramps,3
7bbcb40c,none_06,2024-09-09,bloating,2
efc5cd8d,none_06,2024-09-09,mood_swings,4
7c308e07,none_06,2024-09-09,headache,3
3f4308b6,none_06,2024-09-10,cramps,2
94fae06a,none_06,2024-09-10,bloating,3
6db5912f,none_06,2024-09-10,mood_swings,3
789a7e8e,none_06,2024-09-11,cramps,5
a5e551df,none_06,2024-09-11,mood_swings,3
000d2978,none_06,2024-09-11,headache,3
2c1f8986,none_06,2024-09-12,cramps,5
ac68aa4a,none_06,2024-09-12,mood_swings,5
4fddd2e0,none_06,2024-09-12,headache,2
74c31eb5,none_06,2024-09-13,fatigue,3
1ab00c18,none_06,2024-09-14,cramps,4
92c6f797,none_06,2024-09-15,cramps,2
db79ccf2,none_06,2024-09-15,headache,5
f3e61608,none_06,2024-10-07,cramps,5
d2e9a415,none_06,2024-10-07,bloating,5
bf17ced3,none_06,2024-10-08,cramps,3
ab356e5b,none_06,2024-10-08,bloating,3
be05d868,none_06,2024-10-08,mood_swings,4
63e5ece8,none_06,2024-10-09,cramps,4
c979546b,none_06,2024-10-09,bloating,2
76dc3668,none_06,2024-10-09,mood_swings,2
d619e773,none_06,2024-10-09,fatigue,4
7af28169,none_06,2024-10-09,headache,2
0bed7aad,none_06,2024-10-10,cramps,4
1ce7a5f8,none_06,2024-10-10,bloating,5
1fe98f4b,none_06,2024-10-11,cramps,2
cb178cd5,none_06,2024-10-11,bloating,3
8604081d,none_06,2024-10-11,mood_swings,2
ad15d7ca,none_06,2024-10-11,headache,2
c82b69a3,none_06,2024-10-12,mood_swings,2
718ffdef,none_06,2024-10-13,cramps,4
13ffb617,none_06,2024-10-13,bloating,4
9cea8467,none_06,2024-10-13,mood_swings,3
a521c880,none_06,2024-10-14,mood_swings,4
31abe652,none_06,2024-10-14,fatigue,4
a6a1fad8,none_06,2024-11-04,cramps,2
8a905001,none_06,2024-11-04,bloating,3
15429943,none_06,2024-11-04,fatigue,3
47b2adec,none_06,2024-11-05,cramps,5
edf7d35a,none_06,2024-11-06,cramps,5
d4b83a25,none_06,2024-11-06,bloating,5
81fedcb1,none_06,2024-11-06,fatigue,3
48efb26f,none_06,2024-11-07,cramps,2
803e8a9d,none_06,2024-11-07,bloating,4
d7c9ffbc,none_06,2024-11-07,mood_swings,5
16af6ee3,none_06,2024-11-08,mood_swings,2
7b60c880,none_06,2024-11-08,headache,3
a0c49748,none_06,2024-11-09,cramps,4
0c8f7fc3,none_06,2024-11-10,cramps,5
003d3374,none_06,2024-11-10,bloating,5
8f3852ba,none_06,2024-11-10,mood_swings,5
7744a735,none_06,2024-11-10,fatigue,2
6b4de1ac,none_06,2024-12-01,cramps,3
914653ae,none_06,2024-12-01,bloating,3
6cea9504,none_06,2024-12-01,mood_swings,5
d632653e,none_06,2024-12-01,fatigue,3
0195a505,none_06,2024-12-01,headache,5
f148b6ba,none_06,2024-12-02,cramps,3
b060ccae,none_06,2024-12-02,bloating,2
48654cd7,none_06,2024-12-02,headache,4
ad02a0c3,none_06,2024-12-03,bloating,3
6646c51d,none_06,2024-12-03,fatigue,5
2b856493,none_06,2024-12-04,cramps,3
ec285c5f,none_06,2024-12-04,bloating,3
266004e8,none_06,2024-12-04,mood_swings,5
e929c210,none_06,2024-12-04,fatigue,4
30bbc0e3,none_06,2024-12-05,cramps,5
1e2f5bc4,none_06,2024-12-05,bloating,2
fa0fd6e3,none_06,2024-12-06,cramps,3
d7d3f7b3,none_06,2024-12-07,cramps,2
a37ecd4f,none_06,2024-12-07,bloating,5
96ddc238,none_06,2024-12-07,mood_swings,4
0adc1f49,none_06,2024-12-08,bloating,3
6af591ae,none_06,2024-12-09,bloating,2
90b8f5c2,none_06,2024-12-09,mood_swings,2
bb04fce5,none_06,2024-12-09,fatigue,3
7150edc1,none_06,2024-12-09,headache,4
5d956f1e,none_06,2024-12-30,bloating,2
be807ae6,none_06,2024-12-30,fatigue,2
2979daee,none_06,2024-12-31,bloating,3
91de6419,none_06,2024-12-31,mood_swings,2
ebb13dfd,none_06,2024-12-31,headache,5
b44ebee5,none_06,2025-01-01,cramps,5
edae9154,none_06,2025-01-01,mood_swings,2
f978f5a1,none_06,2025-01-01,fatigue,3
ef211cdd,none_06,2025-01-02,bloating,2
c401fee2,none_06,2025-01-02,mood_swings,3
e6611987,none_06,2025-01-03,cramps,4
ec5d0322,none_06,2025-01-03,mood_swings,2
09da1a4b,none_06,2025-01-03,headache,2
b643a3ba,none_06,2025-01-04,cramps,5
fb8c7045,none_06,2025-01-04,bloating,2
3c92dad5,none_06,2025-01-04,fatigue,4
b0ad2b6e,none_06,2025-01-04,headache,2
854926ee,none_06,2025-01-05,fatigue,2
3896782d,none_06,2025-01-06,cramps,2
b4b3f08d,none_06,2025-01-06,mood_swings,5
5dc6514a,none_06,2025-01-25,cramps,5
bf051a56,none_06,2025-01-25,bloating,2
10f90601,none_06,2025-01-25,mood_swings,3
183bf7d2,none_06,2025-01-25,headache,2
5da91c4a,none_06,2025-01-26,mood_swings,3
80e1d25b,none_06,2025-01-26,fatigue,2
27a96076,none_06,2025-01-27,cramps,3
9ec444d8,none_06,2025-01-28,cramps,2
cf1def82,none_06,2025-01-28,bloating,3
18749059,none_06,2025-01-28,mood_swings,4
ba0c0dca,none_06,2025-01-28,fatigue,3
c201c633,none_06,2025-01-29,cramps,4
37c1880a,none_06,2025-01-29,mood_swings,2
6acc26c2,none_06,2025-01-30,bloating,2
0a74c178,none_06,2025-02-21,cramps,4
8dae8b06,none_06,2025-02-22,cramps,4
933ad680,none_06,2025-02-22,bloating,4
d5bfce70,none_06,2025-02-22,headache,2
2cdad1c3,none_06,2025-02-23,cramps,5
736fd0aa,none_06,2025-02-23,bloating,3
68607b51,none_06,2025-02-23,headache,2
4dc7d838,none_06,2025-02-24,cramps,2
228131ef,none_06,2025-02-24,bloating,5
c6f11a0a,none_06,2025-02-24,headache,4
6df25ef6,none_06,2025-02-25,cramps,3
196e456b,none_06,2025-02-25,bloating,3
6edf0ea5,none_06,2025-02-25,fatigue,5
6190ebc8,none_06,2025-02-26,cramps,4
054e8f06,none_06,2025-02-26,bloating,2
c7ccec41,none_06,2025-02-27,cramps,2
b5b9d71a,none_06,2025-02-27,bloating,4
c6c2ed0f,none_06,2025-02-27,mood_swings,3
f818808b,none_06,2025-02-28,cramps,3
e3877e9c,none_06,2025-02-28,fatigue,5
678e2cc7,none_06,2025-03-01,cramps,2
1df91a44,none_06,2025-03-01,bloating,5
41710680,none_06,2025-03-01,mood_swings,3
ce1b8a12,none_06,2025-03-01,fatigue,3
9d51e4a1,none_06,2025-03-21,cramps,3
40327dc6,none_06,2025-03-21,bloating,2
9fa124ad,none_06,2025-03-21,headache,3
194b52b6,none_06,2025-03-22,cramps,3
4ea34b04,none_06,2025-03-22,mood_swings,5
5c526a0e,none_06,2025-03-22,headache,5
ec2fabbf,none_06,2025-03-23,cramps,4
2cea0826,none_06,2025-03-23,bloating,3
0138f638,none_06,2025-03-24,cramps,3
cdb1f80b,none_06,2025-03-24,fatigue,5
9bde7913,none_06,2025-03-25,cramps,4
7db2f825,none_06,2025-03-25,mood_swings,3
ee90e051,none_06,2025-03-25,fatigue,5
6a28ec9f,none_06,2025-03-26,cramps,5
d66ecd6e,none_06,2025-03-26,bloating,3
1a469557,none_06,2025-03-26,fatigue,3
30e1e475,none_06,2025-03-26,headache,4
85649774,none_06,2025-03-27,cramps,5
d2d975a6,none_06,2025-03-28,cramps,2
a9993af3,none_06,2025-03-28,bloating,2
f7513cca,none_06,2025-03-28,fatigue,3
e723ce27,none_06,2025-03-28,headache,5
c3ba42c4,none_06,2025-04-16,bloating,5
cea2c15d,none_06,2025-04-16,headache,5
19469535,none_06,2025-04-17,mood_swings,2
00bb906b,none_06,2025-04-18,bloating,3
0766bad3,none_06,2025-04-18,mood_swings,5
391cc536,none_06,2025-04-18,headache,3
261695ec,none_06,2025-04-19,cramps,3
2a6f7f7c,none_06,2025-04-19,bloating,2
ad39b2fa,none_06,2025-04-20,cramps,2
4917bf11,none_06,2025-04-20,mood_swings,5
f444dc51,none_06,2025-04-20,fatigue,5
c7df8f7c,none_06,2025-04-20,headache,4
4fcc57b8,none_06,2025-04-21,cramps,5
58a905fa,none_06,2025-04-22,bloating,4
e36c1e62,none_06,2025-04-22,fatigue,3
d9080088,none_06,2025-04-23,cramps,4
a8f0bdd7,none_06,2025-04-23,bloating,3
983f03d0,none_06,2025-04-23,fatigue,2
637e450c,none_06,2025-04-24,cramps,5
5e6dcf55,none_06,2025-04-24,fatigue,4
b3081457,none_06,2025-04-24,headache,3
fea930c8,none_06,2025-04-25,cramps,3
c049e4f1,none_06,2025-04-25,mood_swings,3
33531b8a,none_06,2025-04-25,fatigue,2
c80a8270,none_06,2025-05-16,headache,3
864a0bb7,none_06,2025-05-17,cramps,2
028f6ada,none_06,2025-05-17,bloating,4
072b5b1a,none_06,2025-05-17,mood_swings,2
417c520a,none_06,2025-05-18,cramps,2
cadd0620,none_06,2025-05-18,bloating,4
bc76aa91,none_06,2025-05-18,fatigue,2
e35be1ad,none_06,2025-05-18,headache,2
f4a47620,none_06,2025-05-19,cramps,4
67d4f64e,none_06,2025-05-20,cramps,4
075d781d,none_06,2025-05-21,cramps,2
2ba54e13,none_06,2025-05-21,headache,5
0777d616,none_06,2025-05-22,mood_swings,2
9c7af2a1,none_06,2025-05-22,headache,3
d430fbec,none_06,2025-05-23,cramps,5
3ea84e81,none_06,2025-05-23,fatigue,4
4933cd1a,none_06,2025-05-23,headache,4
abdd98ad,none_06,2025-06-11,cramps,5
02e3100e,none_06,2025-06-11,bloating,2
5024cc12,none_06,2025-06-11,mood_swings,5
10131ccc,none_06,2025-06-12,mood_swings,3
9f71b285,none_06,2025-06-13,fatigue,5
31fa9965,none_06,2025-06-14,cramps,5
4d53d0d6,none_06,2025-06-14,bloating,5
ce007599,none_06,2025-06-15,cramps,3
18202510,none_06,2025-06-15,fatigue,5
931b4c23,none_06,2025-06-16,cramps,4
464f327e,none_06,2025-06-16,fatigue,4
343412f3,none_06,2025-07-11,cramps,5
2903670e,none_06,2025-07-11,bloating,4
9f06fbd1,none_06,2025-07-12,cramps,4
40921b32,none_06,2025-07-12,bloating,5
473f1228,none_06,2025-07-13,cramps,3
6841c4e7,none_06,2025-07-13,bloating,2
4c50d561,none_06,2025-07-13,mood_swings,2
570a2dc8,none_06,2025-07-13,fatigue,3
95db4835,none_06,2025-07-14,cramps,4
3d91c325,none_06,2025-07-14,bloating,4
b118d513,none_06,2025-07-14,headache,2
3f72c59a,none_06,2025-07-15,cramps,3
0b598a44,none_06,2025-07-16,cramps,3
8fb281a3,none_06,2025-07-16,fatigue,5
048dbc4e,none_06,2025-07-16,headache,5
53620b32,none_06,2025-07-17,cramps,4
62e44faf,none_06,2025-08-11,cramps,5
ef99facb,none_06,2025-08-11,mood_swings,4
4aae5f6e,none_06,2025-08-12,bloating,3
8321c81e,none_06,2025-08-12,headache,2
9c7d5a00,none_06,2025-08-13,headache,3
c99a3f80,none_06,2025-08-14,mood_swings,5
1d29f800,none_06,2025-08-15,cramps,4
e2919766,none_06,2025-08-15,bloating,3
91885345,none_06,2025-08-15,headache,4
dc500aba,none_06,2025-08-17,cramps,3
0db3181d,pcos_01,2024-01-01,acne,5
27389337,pcos_01,2024-01-01,fatigue,5
7ba0d2a7,pcos_01,2024-01-01,bloating,2
6208c0b9,pcos_01,2024-01-02,cramps,2
f7bb34d0,pcos_01,2024-01-02,acne,3
3799d095,pcos_01,2024-01-02,hair_loss,5
ecb6317b,pcos_01,2024-01-02,mood_swings,2
68f672e3,pcos_01,2024-01-02,bloating,5
3654c0a0,pcos_01,2024-01-03,hair_loss,3
9639d7ad,pcos_01,2024-01-03,mood_swings,2
e80a3b7a,pcos_01,2024-01-04,acne,2
b8bf65b7,pcos_01,2024-01-04,hair_loss,5
0634342e,pcos_01,2024-01-04,mood_swings,2
919f14df,pcos_01,2024-01-04,bloating,2
10efa561,pcos_01,2024-01-05,cramps,3
174f4220,pcos_01,2024-01-05,acne,5
777c4c8d,pcos_01,2024-01-05,mood_swings,3
366d437e,pcos_01,2024-01-06,cramps,4
ea4a319c,pcos_01,2024-01-06,hair_loss,2
8ca073c2,pcos_01,2024-01-06,mood_swings,4
73cd8483,pcos_01,2024-01-06,bloating,2
806e5b40,pcos_01,2024-01-07,cramps,2
f3603509,pcos_01,2024-01-07,bloating,5
cddd516a,pcos_01,2024-01-08,acne,4
1a611fe4,pcos_01,2024-01-08,mood_swings,2
65c73806,pcos_01,2024-01-08,bloating,2
67d5646d,pcos_01,2024-01-09,cramps,4
4f22a313,pcos_01,2024-01-09,hair_loss,3
e7e60440,pcos_01,2024-01-09,fatigue,4
fa8d045a,pcos_01,2024-01-09,bloating,5
a5cd00ac,pcos_01,2024-01-10,cramps,4
ced6e61e,pcos_01,2024-01-10,acne,3
8031c774,pcos_01,2024-01-10,hair_loss,2
68ef2ccd,pcos_01,2024-01-11,cramps,3
9385a2ea,pcos_01,2024-01-11,acne,4
121eae8b,pcos_01,2024-01-11,fatigue,4
fff71472,pcos_01,2024-01-11,bloating,3
42dae63a,pcos_01,2024-01-12,cramps,3
5f458713,pcos_01,2024-01-12,acne,5
ec3b437f,pcos_01,2024-01-12,hair_loss,3
e5eb8921,pcos_01,2024-01-12,mood_swings,2
2dd7de88,pcos_01,2024-01-13,cramps,4
123e0e69,pcos_01,2024-01-13,acne,4
29aec81d,pcos_01,2024-01-13,fatigue,3
8a63afe6,pcos_01,2024-01-13,bloating,2
a3b808dd,pcos_01,2024-01-29,acne,4
01ecc7be,pcos_01,2024-01-29,fatigue,4
6e94d84c,pcos_01,2024-01-30,acne,2
d36a4c96,pcos_01,2024-01-30,mood_swings,5
b06b44c2,pcos_01,2024-01-30,fatigue,5
0f3ed513,pcos_01,2024-01-30,bloating,3
50d62b02,pcos_01,2024-01-31,cramps,3
5d8a603f,pcos_01,2024-01-31,acne,3
ff41c22f,pcos_01,2024-01-31,hair_loss,4
6377477d,pcos_01,2024-01-31,mood_swings,4
778c019e,pcos_01,2024-01-31,bloating,5
9df898fa,pcos_01,2024-02-01,acne,4
ab06351e,pcos_01,2024-02-01,mood_swings,4
8b740fda,pcos_01,2024-02-01,bloating,3
caf95e5b,pcos_01,2024-02-02,cramps,2
89f82112,pcos_01,2024-02-02,hair_loss,4
9da9b547,pcos_01,2024-02-02,bloating,3
59d51e3f,pcos_01,2024-02-03,acne,2
4c2ef5db,pcos_01,2024-02-03,hair_loss,4
e27577c1,pcos_01,2024-02-03,mood_swings,5
016860ea,pcos_01,2024-02-03,bloating,5
4f722709,pcos_01,2024-02-04,hair_loss,5
a7c8c18d,pcos_01,2024-02-04,mood_swings,2
3c88badd,pcos_01,2024-02-04,fatigue,3
85683822,pcos_01,2024-02-05,fatigue,2
91466647,pcos_01,2024-02-06,acne,3
369ae5a3,pcos_01,2024-02-06,hair_loss,4
f27f4f4c,pcos_01,2024-02-07,cramps,5
97802e1c,pcos_01,2024-02-07,acne,2
ea0ee876,pcos_01,2024-02-07,hair_loss,3
70cca52b,pcos_01,2024-02-08,cramps,5
15e197b3,pcos_01,2024-02-08,acne,3
fe15e18a,pcos_01,2024-02-08,hair_loss,5
d3b405ee,pcos_01,2024-02-08,mood_swings,4
ea910796,pcos_01,2024-02-09,bloating,2
b827ea0d,pcos_01,2024-02-10,acne,4
969b6cd0,pcos_01,2024-02-10,hair_loss,4
64daceaa,pcos_01,2024-02-10,fatigue,4
3c1cfefd,pcos_01,2024-02-10,bloating,5
a23193b6,pcos_01,2024-02-11,cramps,2
f689a2c0,pcos_01,2024-02-11,acne,3
5b4284eb,pcos_01,2024-02-11,hair_loss,5
a4d699b3,pcos_01,2024-02-11,mood_swings,4
4ca25cdd,pcos_01,2024-02-11,fatigue,5
9cb1c407,pcos_01,2024-02-11,bloating,4
5a6b2fe7,pcos_01,2024-04-30,acne,5
d3762a3f,pcos_01,2024-04-30,mood_swings,3
669cb766,pcos_01,2024-04-30,fatigue,5
b4f197fb,pcos_01,2024-04-30,bloating,3
466dfb42,pcos_01,2024-05-01,cramps,4
4422cf4a,pcos_01,2024-05-01,acne,5
26203975,pcos_01,2024-05-01,hair_loss,4
77165f01,pcos_01,2024-05-01,fatigue,3
d8dbc5a6,pcos_01,2024-05-02,hair_loss,5
d995a3f3,pcos_01,2024-05-02,mood_swings,3
8bb2e724,pcos_01,2024-05-02,fatigue,5
1efabc3e,pcos_01,2024-05-02,bloating,5
c9ede958,pcos_01,2024-05-03,cramps,2
e0b2c958,pcos_01,2024-05-03,hair_loss,4
bf965391,pcos_01,2024-05-03,mood_swings,3
63faa486,pcos_01,2024-05-03,fatigue,4
d2c55ac5,pcos_01,2024-05-03,bloating,2
5612ff8b,pcos_01,2024-05-04,cramps,4
4edb2375,pcos_01,2024-05-04,acne,2
63b77731,pcos_01,2024-05-04,mood_swings,3
31214e92,pcos_01,2024-05-04,bloating,4
7da138a1,pcos_01,2024-05-05,mood_swings,5
fb1b51df,pcos_01,2024-05-05,fatigue,2
73a0f4a9,pcos_01,2024-05-06,acne,3
456f31b2,pcos_01,2024-05-06,hair_loss,3
4333b322,pcos_01,2024-05-06,mood_swings,4
405219c1,pcos_01,2024-05-07,cramps,3
4ac4999a,pcos_01,2024-05-07,acne,2
e7680795,pcos_01,2024-05-07,hair_loss,4
1747d77e,pcos_01,2024-05-07,bloating,5
e5009bc2,pcos_01,2024-05-08,cramps,5
9cf86d20,pcos_01,2024-05-08,acne,4
79790c91,pcos_01,2024-05-08,hair_loss,4
3d10a8d9,pcos_01,2024-05-08,mood_swings,4
4cb2b371,pcos_01,2024-05-08,bloating,2
08edee7a,pcos_01,2024-05-09,cramps,2
7b457cae,pcos_01,2024-05-09,acne,4
cc817a16,pcos_01,2024-05-09,hair_loss,5
703e544d,pcos_01,2024-05-09,mood_swings,2
3f778281,pcos_01,2024-05-09,fatigue,4
26e26c3f,pcos_01,2024-06-18,cramps,2
7f07a6f3,pcos_01,2024-06-18,acne,3
e5c94604,pcos_01,2024-06-18,hair_loss,4
fca738bb,pcos_01,2024-06-19,cramps,4
779cb56c,pcos_01,2024-06-19,acne,5
eaaf51c8,pcos_01,2024-06-19,hair_loss,2
0b2b9915,pcos_01,2024-06-19,mood_swings,2
e92dd177,pcos_01,2024-06-19,fatigue,3
9ef7aa66,pcos_01,2024-06-19,bloating,5
bf3169a6,pcos_01,2024-06-20,acne,4
6d6abb0c,pcos_01,2024-06-20,hair_loss,5
a2af6656,pcos_01,2024-06-20,fatigue,3
e60f46ad,pcos_01,2024-06-20,bloating,3
60675d82,pcos_01,2024-06-21,cramps,4
0732f948,pcos_01,2024-06-21,bloating,4
2c2e07f2,pcos_01,2024-06-22,cramps,2
79c3628f,pcos_01,2024-06-22,hair_loss,5
7fcdf409,pcos_01,2024-06-22,mood_swings,2
6f98a250,pcos_01,2024-06-22,fatigue,4
72202b2e,pcos_01,2024-06-23,cramps,2
d7a73033,pcos_01,2024-06-23,hair_loss,3
f6caa4cd,pcos_01,2024-06-23,fatigue,2
0908201d,pcos_01,2024-06-23,bloating,5
2c4b75a7,pcos_01,2024-06-24,acne,4
3013c96a,pcos_01,2024-06-24,hair_loss,2
add3cf46,pcos_01,2024-06-24,mood_swings,3
a5db24f5,pcos_01,2024-06-24,bloating,5
fd997c4f,pcos_01,2024-06-25,hair_loss,3
c9c599f6,pcos_01,2024-06-25,mood_swings,4
e6144624,pcos_01,2024-06-25,bloating,2
642cadcd,pcos_01,2024-06-26,acne,3
cdf70a42,pcos_01,2024-06-26,mood_swings,3
c072a221,pcos_01,2024-06-26,fatigue,2
84f6b66b,pcos_01,2024-06-27,cramps,3
9e47ad18,pcos_01,2024-06-27,acne,2
a674cde5,pcos_01,2024-06-27,bloating,4
0ed0d6c1,pcos_01,2024-07-22,cramps,2
6781217f,pcos_01,2024-07-22,hair_loss,4
e482c45e,pcos_01,2024-07-22,mood_swings,2
60209f3c,pcos_01,2024-07-23,hair_loss,5
0e7c053c,pcos_01,2024-07-23,fatigue,3
c117381b,pcos_01,2024-07-24,cramps,4
d6175d3a,pcos_01,2024-07-24,acne,5
33200570,pcos_01,2024-07-24,hair_loss,3
a64d7d87,pcos_01,2024-07-24,fatigue,3
3fe6b0fd,pcos_01,2024-07-25,cramps,3
c50d480a,pcos_01,2024-07-25,acne,3
15f57f84,pcos_01,2024-07-25,hair_loss,5
d30b0fae,pcos_01,2024-07-25,fatigue,4
cead0413,pcos_01,2024-07-25,bloating,3
4cae0e7a,pcos_01,2024-07-26,mood_swings,3
63fe0700,pcos_01,2024-07-26,fatigue,3
0fa98244,pcos_01,2024-07-26,bloating,5
dbd7add4,pcos_01,2024-07-27,cramps,3
f17e902b,pcos_01,2024-07-27,fatigue,2
1240d12e,pcos_01,2024-07-27,bloating,2
a5ce3e12,pcos_01,2024-09-04,cramps,3
7e13ca11,pcos_01,2024-09-04,hair_loss,2
a2933497,pcos_01,2024-09-04,fatigue,2
558bc270,pcos_01,2024-09-04,bloating,4
f6d12451,pcos_01,2024-09-05,acne,3
58773c25,pcos_01,2024-09-05,hair_loss,5
dee226fb,pcos_01,2024-09-05,fatigue,5
f0d4ffb8,pcos_01,2024-09-05,bloating,2
63bf99c5,pcos_01,2024-09-06,acne,2
bab2223a,pcos_01,2024-09-06,hair_loss,2
020cf021,pcos_01,2024-09-06,mood_swings,4
a9856021,pcos_01,2024-09-06,fatigue,5
adbb594d,pcos_01,2024-09-06,bloating,3
07a72fa8,pcos_01,2024-09-07,cramps,5
32e1ed86,pcos_01,2024-09-07,acne,4
46c7bf54,pcos_01,2024-09-07,mood_swings,5
32e0855e,pcos_01,2024-09-08,acne,2
03953775,pcos_01,2024-09-08,hair_loss,4
66cbac08,pcos_01,2024-09-08,mood_swings,4
2131d819,pcos_01,2024-09-08,fatigue,2
8ecd52e7,pcos_01,2024-09-09,acne,4
bd5cca32,pcos_01,2024-09-09,fatigue,4
73b1f7d9,pcos_01,2024-09-10,cramps,2
bafcb75a,pcos_01,2024-09-10,acne,5
575cab0c,pcos_01,2024-09-11,cramps,2
86488825,pcos_01,2024-09-11,fatigue,3
ced3416a,pcos_01,2024-09-11,bloating,5
703ac553,pcos_01,2024-10-19,cramps,4
848daf22,pcos_01,2024-10-19,acne,4
a82af5b8,pcos_01,2024-10-19,mood_swings,5
e9af8d14,pcos_01,2024-10-19,fatigue,5
9010a723,pcos_01,2024-10-19,bloating,5
f4fe13f8,pcos_01,2024-10-20,acne,3
6f9a55b9,pcos_01,2024-10-20,fatigue,5
855cebd6,pcos_01,2024-10-20,bloating,5
d54a0166,pcos_01,2024-10-21,hair_loss,5
8fe7ff0d,pcos_01,2024-10-21,mood_swings,3
370ea82a,pcos_01,2024-10-21,bloating,2
4a2536d3,pcos_01,2024-10-22,cramps,2
3680396f,pcos_01,2024-10-22,acne,5
e73cfcea,pcos_01,2024-10-22,fatigue,4
80afe268,pcos_01,2024-10-22,bloating,3
f2daf9d5,pcos_01,2024-10-23,cramps,3
c12b896d,pcos_01,2024-10-23,fatigue,3
540eb681,pcos_01,2024-12-05,cramps,2
410fa03b,pcos_01,2024-12-05,acne,5
576f6d58,pcos_01,2024-12-05,hair_loss,2
fe9d0dc2,pcos_01,2024-12-05,fatigue,3
547225b2,pcos_01,2024-12-05,bloating,4
7b8d9319,pcos_01,2024-12-06,cramps,3
848592f4,pcos_01,2024-12-06,acne,5
ccb58858,pcos_01,2024-12-06,hair_loss,3
3b6d7965,pcos_01,2024-12-06,mood_swings,3
ce7f290c,pcos_01,2024-12-07,cramps,5
5a9ff486,pcos_01,2024-12-07,hair_loss,2
3cc8544d,pcos_01,2024-12-07,mood_swings,3
e097edc3,pcos_01,2024-12-07,fatigue,2
74b5237e,pcos_01,2024-12-08,cramps,3
e2ff862a,pcos_01,2024-12-08,acne,5
339d38d0,pcos_01,2024-12-09,acne,3
f212d32e,pcos_01,2024-12-09,hair_loss,3
2702b32f,pcos_01,2024-12-09,mood_swings,2
d8ded59c,pcos_01,2024-12-10,cramps,3
63777bad,pcos_01,2024-12-10,acne,2
904dab19,pcos_01,2024-12-10,hair_loss,3
b915bd3a,pcos_01,2024-12-11,cramps,5
f48dd502,pcos_01,2024-12-11,acne,5
d1cfd09d,pcos_01,2024-12-11,mood_swings,4
7a79fac3,pcos_01,2024-12-11,bloating,2
52714930,pcos_01,2024-12-12,cramps,4
b718314b,pcos_01,2024-12-12,acne,4
a588b87f,pcos_01,2024-12-12,hair_loss,4
a3777e65,pcos_01,2024-12-12,mood_swings,2
aecee6a4,pcos_01,2024-12-12,fatigue,2
d7420aa4,pcos_01,2024-12-13,cramps,3
ca2e27e0,pcos_01,2024-12-13,acne,2
5e492d1e,pcos_01,2024-12-13,hair_loss,2
cb8dcb64,pcos_01,2024-12-13,bloating,5
34952cf1,pcos_01,2025-01-14,acne,4
044bc5b6,pcos_01,2025-01-14,bloating,5
f491f977,pcos_01,2025-01-15,mood_swings,5
d8b6cf9d,pcos_01,2025-01-15,bloating,3
a1e211ac,pcos_01,2025-01-16,cramps,5
898719e4,pcos_01,2025-01-16,acne,2
3c636320,pcos_01,2025-01-16,hair_loss,3
116d8c3a,pcos_01,2025-01-16,fatigue,2
cbaac69c,pcos_01,2025-01-17,cramps,3
26c0c21c,pcos_01,2025-01-17,fatigue,4
929f77db,pcos_01,2025-01-17,bloating,3
02b78e1a,pcos_01,2025-01-18,cramps,4
0373959e,pcos_01,2025-01-18,acne,5
c1d8a7a2,pcos_01,2025-01-18,hair_loss,5
eeda9ab1,pcos_01,2025-01-18,mood_swings,2
7dcc9928,pcos_01,2025-01-18,bloating,5
7077c9a9,pcos_01,2025-01-19,cramps,2
998ff27c,pcos_01,2025-01-19,acne,4
e85abb3c,pcos_01,2025-01-19,bloating,2
9b3c704a,pcos_01,2025-01-20,cramps,3
ef1f2aa4,pcos_01,2025-01-20,hair_loss,4
55ce0920,pcos_01,2025-01-20,mood_swings,4
85340e60,pcos_01,2025-01-20,fatigue,3
a4a8381c,pcos_01,2025-01-21,cramps,5
2e1986ca,pcos_01,2025-01-21,mood_swings,3
3fdc1c5d,pcos_01,2025-02-19,cramps,5
dd83dc68,pcos_01,2025-02-19,mood_swings,4
823798f3,pcos_01,2025-02-20,cramps,2
f19d6204,pcos_01,2025-02-20,acne,5
894c62c1,pcos_01,2025-02-20,hair_loss,2
922c07bd,pcos_01,2025-02-21,cramps,2
7917428e,pcos_01,2025-02-21,acne,2
87acb57a,pcos_01,2025-02-21,hair_loss,3
30e163e1,pcos_01,2025-02-21,mood_swings,2
61ea7b9d,pcos_01,2025-02-21,fatigue,5
6e6c69d3,pcos_01,2025-02-22,cramps,5
214436e9,pcos_01,2025-02-22,acne,5
af0b5de8,pcos_01,2025-02-22,hair_loss,3
1afcf019,pcos_01,2025-02-23,acne,4
98216b2a,pcos_01,2025-02-23,hair_loss,4
fa051f24,pcos_01,2025-02-23,fatigue,5
338a39ad,pcos_01,2025-02-23,bloating,5
05bb4ba7,pcos_01,2025-02-24,cramps,3
d0e96ac0,pcos_01,2025-02-24,hair_loss,3
bda75b87,pcos_01,2025-02-24,mood_swings,2
9234344e,pcos_01,2025-02-25,cramps,4
4c0608b3,pcos_01,2025-02-25,mood_swings,3
f10b8c32,pcos_01,2025-02-26,acne,3
e04b30dc,pcos_01,2025-02-26,hair_loss,2
bf272815,pcos_01,2025-02-26,mood_swings,2
9f7244d0,pcos_01,2025-02-26,fatigue,5
46a99263,pcos_01,2025-02-27,acne,4
04a95f79,pcos_01,2025-02-27,hair_loss,2
c8560df7,pcos_01,2025-02-27,mood_swings,5
4888e88e,pcos_01,2025-02-27,fatigue,4
d49418e1,pcos_01,2025-02-27,bloating,4
e19333ef,pcos_01,2025-02-28,acne,3
8bb10536,pcos_01,2025-02-28,mood_swings,5
64ce0d66,pcos_01,2025-02-28,bloating,3
d99d264e,pcos_01,2025-04-05,fatigue,3
60197e9e,pcos_01,2025-04-06,acne,4
235751e9,pcos_01,2025-04-06,hair_loss,5
0b24b1a5,pcos_01,2025-04-06,mood_swings,2
ecb5df5e,pcos_01,2025-04-07,acne,2
f4d044af,pcos_01,2025-04-07,hair_loss,3
dc66d769,pcos_01,2025-04-07,mood_swings,3
c660c451,pcos_01,2025-04-07,bloating,3
81003bf9,pcos_01,2025-04-08,mood_swings,4
4d6c77d5,pcos_01,2025-04-08,fatigue,4
17278eb3,pcos_01,2025-04-08,bloating,2
046cebef,pcos_01,2025-04-09,acne,5
6e57deca,pcos_01,2025-04-09,hair_loss,4
adf675e9,pcos_01,2025-04-09,mood_swings,5
e39a1161,pcos_01,2025-04-10,cramps,3
1e9bba8c,pcos_01,2025-04-10,acne,4
77f9a144,pcos_01,2025-04-10,hair_loss,3
a4c74c33,pcos_01,2025-04-10,mood_swings,5
b48eef5b,pcos_01,2025-04-10,fatigue,5
98b12ee3,pcos_01,2025-04-11,mood_swings,2
9bc7f982,pcos_01,2025-04-11,bloating,2
52ea220c,pcos_01,2025-04-12,acne,5
4401d674,pcos_01,2025-04-13,fatigue,5
de5ad945,pcos_01,2025-04-13,bloating,2
921782b6,pcos_01,2025-04-14,cramps,5
2c9b189d,pcos_01,2025-04-14,hair_loss,5
f54ebed3,pcos_01,2025-04-14,mood_swings,5
a9eeac98,pcos_01,2025-04-14,fatigue,4
32d1255a,pcos_01,2025-04-15,acne,4
236f44fc,pcos_01,2025-04-15,hair_loss,5
3dc4818f,pcos_01,2025-04-15,fatigue,5
bccf79a1,pcos_01,2025-04-15,bloating,2
4fa55d4b,pcos_01,2025-05-25,mood_swings,5
8a47d163,pcos_01,2025-05-25,fatigue,5
4344b93e,pcos_01,2025-05-25,bloating,5
7fb8e358,pcos_01,2025-05-26,mood_swings,5
2179e901,pcos_01,2025-05-26,bloating,4
9c742239,pcos_01,2025-05-27,acne,2
bc29558f,pcos_01,2025-05-27,mood_swings,2
5c592ecb,pcos_01,2025-05-28,acne,4
b085491f,pcos_01,2025-05-28,mood_swings,4
53941c13,pcos_01,2025-05-28,fatigue,2
cc81d164,pcos_01,2025-05-28,bloating,2
a49fe32f,pcos_01,2025-05-29,acne,2
b1b8cb44,pcos_01,2025-05-29,mood_swings,2
9048fe2d,pcos_01,2025-05-29,bloating,3
18a9a06f,pcos_01,2025-05-30,acne,4
ad7a1625,pcos_01,2025-05-30,hair_loss,3
941d3773,pcos_01,2025-05-30,mood_swings,3
418ddb19,pcos_01,2025-05-31,cramps,4
68afc71f,pcos_01,2025-05-31,acne,4
ee0d620a,pcos_01,2025-05-31,hair_loss,3
f58f05cb,pcos_01,2025-05-31,bloating,2
335bd044,pcos_01,2025-06-01,cramps,2
304377e5,pcos_01,2025-06-01,acne,4
40680c13,pcos_01,2025-06-01,hair_loss,3
a3965122,pcos_01,2025-06-01,mood_swings,5
76bbca7f,pcos_01,2025-07-14,acne,5
6c68531a,pcos_01,2025-07-14,mood_swings,5
baddbbce,pcos_01,2025-07-14,fatigue,4
2c933f3e,pcos_01,2025-07-15,cramps,3
37fa188d,pcos_01,2025-07-15,acne,2
b47dde91,pcos_01,2025-07-16,cramps,4
9edd7af8,pcos_01,2025-07-16,hair_loss,2
b2deea73,pcos_01,2025-07-16,mood_swings,4
f9dde318,pcos_01,2025-07-16,bloating,2
53de0ec3,pcos_01,2025-07-17,acne,3
6838910d,pcos_01,2025-07-17,hair_loss,4
ec75a5bf,pcos_01,2025-07-17,mood_swings,3
e82f7498,pcos_01,2025-07-17,fatigue,3
dac716aa,pcos_01,2025-07-17,bloating,3
fa523b22,pcos_01,2025-07-18,cramps,5
f1311c9c,pcos_01,2025-07-18,acne,2
738c6df4,pcos_01,2025-07-18,hair_loss,4
9dd3f960,pcos_01,2025-07-18,mood_swings,5
c051991e,pcos_01,2025-07-18,fatigue,5
69262de4,pcos_01,2025-07-19,cramps,3
ee6e5e3b,pcos_01,2025-07-19,acne,4
35de0438,pcos_01,2025-07-19,mood_swings,4
987d722b,pcos_01,2025-07-19,fatigue,3
4e0e6521,pcos_01,2025-07-20,cramps,5
e8e25fe7,pcos_01,2025-07-20,acne,4
e80ae39c,pcos_01,2025-07-20,bloating,4
1ca54bbe,pcos_01,2025-07-21,cramps,2
cb18837a,pcos_01,2025-07-21,acne,2
93380277,pcos_01,2025-07-21,mood_swings,5
908b61df,pcos_01,2025-07-21,fatigue,4
359a2524,pcos_01,2025-07-21,bloating,2
8ac4ee99,pcos_01,2025-07-22,cramps,4
918d34b2,pcos_01,2025-07-22,acne,3
d09d8abc,pcos_01,2025-07-22,hair_loss,2
ee7f1831,pcos_01,2025-07-22,mood_swings,4
aac105c8,pcos_01,2025-07-22,fatigue,4
ff23a0d4,pcos_01,2025-07-22,bloating,4
06ae307c,pcos_01,2025-07-23,hair_loss,4
80cdee87,pcos_01,2025-07-23,bloating,3
fe34bc47,pcos_01,2025-07-24,acne,4
1386193c,pcos_02,2024-01-01,cramps,4
04bf0299,pcos_02,2024-01-01,acne,4
21a14f74,pcos_02,2024-01-01,hair_loss,2
0c396de8,pcos_02,2024-01-01,mood_swings,5
2cf25bcc,pcos_02,2024-01-01,fatigue,2
a24264ec,pcos_02,2024-01-02,acne,3
16252231,pcos_02,2024-01-02,hair_loss,2
9a36b89d,pcos_02,2024-01-02,mood_swings,4
177fc9bd,pcos_02,2024-01-03,cramps,2
905cd04e,pcos_02,2024-01-03,acne,4
0139cc93,pcos_02,2024-01-03,mood_swings,2
fead761d,pcos_02,2024-01-04,cramps,2
7a9ba632,pcos_02,2024-01-04,acne,4
7cc557e8,pcos_02,2024-01-04,hair_loss,4
995bdeea,pcos_02,2024-01-04,bloating,3
c92fb9ac,pcos_02,2024-01-05,acne,2
cb5b4390,pcos_02,2024-01-05,hair_loss,3
04adea6f,pcos_02,2024-01-06,cramps,5
4d0f8c95,pcos_02,2024-01-06,acne,3
b063c55c,pcos_02,2024-01-06,bloating,5
cfc4f3d0,pcos_02,2024-01-07,cramps,4
9c4f368f,pcos_02,2024-01-07,mood_swings,3
8f427e74,pcos_02,2024-02-02,cramps,3
a919150c,pcos_02,2024-02-02,acne,5
90e4d402,pcos_02,2024-02-02,hair_loss,2
e041139e,pcos_02,2024-02-02,mood_swings,4
e7fdbbd4,pcos_02,2024-02-02,bloating,5
ba3ca9d5,pcos_02,2024-02-03,hair_loss,3
52a3f461,pcos_02,2024-02-03,mood_swings,4
a489cf30,pcos_02,2024-02-03,fatigue,5
5ae3a543,pcos_02,2024-02-04,hair_loss,4
7ec22679,pcos_02,2024-02-04,mood_swings,4
29900070,pcos_02,2024-02-04,bloating,2
3e7b905c,pcos_02,2024-02-05,cramps,2
cb8ab26b,pcos_02,2024-02-05,hair_loss,5
3700cdc4,pcos_02,2024-02-05,mood_swings,2
0fd04a85,pcos_02,2024-02-05,fatigue,5
9e716498,pcos_02,2024-02-05,bloating,2
0f433691,pcos_02,2024-02-06,acne,5
ed403c4e,pcos_02,2024-02-06,hair_loss,5
e45c6b07,pcos_02,2024-02-06,mood_swings,4
7ec56a3e,pcos_02,2024-02-06,fatigue,4
ef80d9c6,pcos_02,2024-02-06,bloating,2
998acf45,pcos_02,2024-02-07,hair_loss,4
8609ef98,pcos_02,2024-02-07,mood_swings,3
b94faf0a,pcos_02,2024-02-07,bloating,5
f5d0c4c6,pcos_02,2024-02-08,acne,2
0798bdff,pcos_02,2024-02-08,fatigue,2
b3a326f3,pcos_02,2024-02-09,acne,2
5ca9e978,pcos_02,2024-02-09,hair_loss,5
d85c0397,pcos_02,2024-02-09,mood_swings,2
823278fb,pcos_02,2024-02-09,fatigue,4
8ae09a22,pcos_02,2024-02-09,bloating,3
082ffebf,pcos_02,2024-02-10,acne,4
a0af274b,pcos_02,2024-02-10,mood_swings,2
e283b3d7,pcos_02,2024-02-10,fatigue,5
f25feb13,pcos_02,2024-02-11,acne,3
7f1288df,pcos_02,2024-02-11,hair_loss,2
ac9b1f91,pcos_02,2024-02-11,mood_swings,4
a0ac3a74,pcos_02,2024-02-11,bloating,2
d01c1d04,pcos_02,2024-04-07,cramps,4
491f384c,pcos_02,2024-04-07,hair_loss,2
9efc6a9c,pcos_02,2024-04-07,mood_swings,5
452558f8,pcos_02,2024-04-07,bloating,3
98ad7105,pcos_02,2024-04-08,cramps,2
1fadaa23,pcos_02,2024-04-08,bloating,3
a4e381bd,pcos_02,2024-04-09,hair_loss,4
fb79c1a9,pcos_02,2024-04-09,mood_swings,4
1c25f1d9,pcos_02,2024-04-09,bloating,5
a635e5b7,pcos_02,2024-04-10,cramps,5
aa81b23c,pcos_02,2024-04-10,acne,4
accad470,pcos_02,2024-04-10,hair_loss,4
0e4f607b,pcos_02,2024-04-11,acne,2
33d3cf84,pcos_02,2024-04-11,hair_loss,2
768f21ad,pcos_02,2024-04-11,mood_swings,5
c63e2943,pcos_02,2024-04-12,cramps,5
7bbe5c0a,pcos_02,2024-04-12,acne,5
bb72c1b0,pcos_02,2024-04-12,hair_loss,2
85ec926e,pcos_02,2024-04-12,mood_swings,5
2d754a1f,pcos_02,2024-04-13,acne,5
681af302,pcos_02,2024-04-13,fatigue,4
cd5a5821,pcos_02,2024-04-14,cramps,5
fdcb7d3d,pcos_02,2024-04-14,hair_loss,3
02e59614,pcos_02,2024-04-14,mood_swings,4
c4c4761b,pcos_02,2024-04-14,bloating,5
2832e809,pcos_02,2024-05-19,cramps,2
c30c97e7,pcos_02,2024-05-19,hair_loss,3
ea4f7b5d,pcos_02,2024-05-19,mood_swings,3
ef1e5854,pcos_02,2024-05-19,bloating,3
6fdd046d,pcos_02,2024-05-20,cramps,4
d5c5757f,pcos_02,2024-05-20,acne,4
3a42dd6d,pcos_02,2024-05-20,hair_loss,2
a3ac1187,pcos_02,2024-05-20,mood_swings,2
eca6fe11,pcos_02,2024-05-20,fatigue,4
02b3beba,pcos_02,2024-05-20,bloating,4
6a7f2e77,pcos_02,2024-05-21,acne,4
186da037,pcos_02,2024-05-21,hair_loss,4
7238bfef,pcos_02,2024-05-22,mood_swings,3
6ddf645c,pcos_02,2024-05-22,fatigue,2
e0d09eb0,pcos_02,2024-05-22,bloating,2
c9723913,pcos_02,2024-05-23,cramps,4
6c858141,pcos_02,2024-05-23,acne,5
5e4c3e6b,pcos_02,2024-05-23,hair_loss,2
f4fffc56,pcos_02,2024-05-23,bloating,3
90c4b223,pcos_02,2024-07-09,acne,3
76199017,pcos_02,2024-07-09,hair_loss,3
147168c7,pcos_02,2024-07-09,mood_swings,2
825c09b5,pcos_02,2024-07-09,fatigue,5
dc52bcb1,pcos_02,2024-07-09,bloating,5
892cf0be,pcos_02,2024-07-10,hair_loss,5
c4a3864d,pcos_02,2024-07-11,cramps,4
de6e8774,pcos_02,2024-07-11,acne,5
59b35aa8,pcos_02,2024-07-11,mood_swings,2
8d9b7237,pcos_02,2024-07-11,bloating,3
cfa79193,pcos_02,2024-07-12,acne,3
6bc0f8fb,pcos_02,2024-07-12,mood_swings,4
f2ae702b,pcos_02,2024-07-12,fatigue,5
0f86223a,pcos_02,2024-07-12,bloating,2
7ba52b75,pcos_02,2024-07-13,cramps,5
e0e5b111,pcos_02,2024-07-13,hair_loss,4
939f0c5e,pcos_02,2024-07-13,bloating,2
8be59717,pcos_02,2024-07-14,acne,4
e4714944,pcos_02,2024-07-14,mood_swings,2
7da3e875,pcos_02,2024-07-14,bloating,5
1e216b80,pcos_02,2024-07-15,cramps,3
0cb5829c,pcos_02,2024-07-15,acne,4
e583ec90,pcos_02,2024-07-16,cramps,2
034d36e4,pcos_02,2024-07-16,acne,2
83f2c5b8,pcos_02,2024-07-16,mood_swings,2
ed91469f,pcos_02,2024-07-16,fatigue,5
b95eb481,pcos_02,2024-07-16,bloating,2
9c3714bb,pcos_02,2024-08-24,cramps,3
27c89386,pcos_02,2024-08-25,acne,2
6494b2b2,pcos_02,2024-08-25,hair_loss,3
b36087a4,pcos_02,2024-08-25,mood_swings,3
d73b4ec5,pcos_02,2024-08-25,fatigue,4
b7927bde,pcos_02,2024-08-25,bloating,2
c65eb148,pcos_02,2024-08-26,acne,4
be25dbce,pcos_02,2024-08-26,hair_loss,2
e6822679,pcos_02,2024-08-26,mood_swings,5
67932c73,pcos_02,2024-08-26,fatigue,4
a779ec3f,pcos_02,2024-08-26,bloating,5
f9a456d0,pcos_02,2024-08-27,cramps,4
da1b1123,pcos_02,2024-08-27,acne,5
d9329659,pcos_02,2024-08-27,hair_loss,4
a74cfef5,pcos_02,2024-08-27,fatigue,5
50203672,pcos_02,2024-08-27,bloating,3
8599b592,pcos_02,2024-08-28,cramps,3
241ea2d7,pcos_02,2024-08-28,acne,5
fe4e8ab7,pcos_02,2024-08-28,mood_swings,3
b13bd255,pcos_02,2024-08-28,fatigue,4
ef2f1133,pcos_02,2024-08-28,bloating,3
bffdbc71,pcos_02,2024-08-29,cramps,4
01257c6a,pcos_02,2024-08-29,hair_loss,5
23c90241,pcos_02,2024-08-29,mood_swings,5
b1b5a3e1,pcos_02,2024-08-29,bloating,4
5f3e2b93,pcos_02,2024-08-30,cramps,4
01e82d22,pcos_02,2024-08-30,acne,4
7f6c0b8f,pcos_02,2024-08-30,fatigue,2
b1daf85c,pcos_02,2024-08-31,cramps,2
f0abe620,pcos_02,2024-08-31,acne,5
04940b21,pcos_02,2024-08-31,mood_swings,3
0acf0ed8,pcos_02,2024-10-07,acne,5
a6d4cc45,pcos_02,2024-10-07,mood_swings,2
33bea0aa,pcos_02,2024-10-07,fatigue,4
30f70fb6,pcos_02,2024-10-07,bloating,2
1bfde73e,pcos_02,2024-10-08,cramps,4
2961a669,pcos_02,2024-10-08,acne,2
e157aa84,pcos_02,2024-10-08,mood_swings,5
acf50a60,pcos_02,2024-10-08,fatigue,3
95d3eb27,pcos_02,2024-10-08,bloating,5
6d0eb073,pcos_02,2024-10-09,cramps,4
66fe7378,pcos_02,2024-10-09,acne,3
bd25f2fd,pcos_02,2024-10-09,hair_loss,3
0c0a473a,pcos_02,2024-10-09,mood_swings,2
e3ddbcd8,pcos_02,2024-10-10,cramps,3
3392e8d4,pcos_02,2024-10-10,hair_loss,5
63af09fd,pcos_02,2024-10-10,mood_swings,2
36de1fdb,pcos_02,2024-10-10,fatigue,5
b351b3ff,pcos_02,2024-10-10,bloating,3
51f893d9,pcos_02,2024-10-11,acne,4
f5dd5007,pcos_02,2024-10-11,hair_loss,3
996b644a,pcos_02,2024-10-11,fatigue,5
d783d28e,pcos_02,2024-10-12,acne,4
f754fc0a,pcos_02,2024-10-12,hair_loss,5
540244b5,pcos_02,2024-10-12,mood_swings,4
236a16ad,pcos_02,2024-10-12,fatigue,4
c3aeb8e9,pcos_02,2024-10-13,cramps,4
74fa4c93,pcos_02,2024-10-13,acne,3
c1f1c340,pcos_02,2024-10-13,mood_swings,3
de0ee09e,pcos_02,2024-10-14,acne,2
5120b561,pcos_02,2024-10-15,acne,2
d8208e2a,pcos_02,2024-10-15,hair_loss,4
1cbc74ab,pcos_02,2024-10-15,mood_swings,2
e66f3819,pcos_02,2024-10-15,fatigue,4
b8b33c65,pcos_02,2024-11-18,fatigue,2
388772a9,pcos_02,2024-11-19,acne,2
72fcab17,pcos_02,2024-11-19,mood_swings,3
43903303,pcos_02,2024-11-19,fatigue,2
d7f13ce9,pcos_02,2024-11-19,bloating,5
4a0948dc,pcos_02,2024-11-20,acne,5
27ce1cc0,pcos_02,2024-11-20,hair_loss,3
4e980181,pcos_02,2024-11-20,mood_swings,2
5ba38a39,pcos_02,2024-11-20,fatigue,3
cca32dae,pcos_02,2024-11-20,bloating,5
912f6b39,pcos_02,2024-11-21,mood_swings,5
c2e3ddff,pcos_02,2024-11-21,bloating,5
db4c00c9,pcos_02,2024-11-22,acne,2
77a0a68a,pcos_02,2024-11-22,fatigue,3
41d646cc,pcos_02,2024-11-22,bloating,2
b2aeb23a,pcos_02,2024-11-23,cramps,2
cbf18e22,pcos_02,2024-11-23,acne,3
1d053a1d,pcos_02,2024-11-23,hair_loss,2
27bf1a89,pcos_02,2024-11-23,fatigue,3
3ddfdb8c,pcos_02,2024-11-24,cramps,3
3efc8ffe,pcos_02,2024-11-24,acne,4
6740d287,pcos_02,2024-11-24,hair_loss,4
506a5aff,pcos_02,2024-11-25,cramps,5
58d0161a,pcos_02,2024-11-25,acne,2
f3dae253,pcos_02,2024-11-25,mood_swings,3
9b0e6d25,pcos_02,2024-11-25,fatigue,4
07a37414,pcos_02,2024-11-26,acne,4
1abf4729,pcos_02,2024-11-26,fatigue,3
ad3c8ef4,pcos_02,2024-11-26,bloating,4
c922c199,pcos_02,2025-01-11,cramps,4
fe720e65,pcos_02,2025-01-11,fatigue,3
1de72b11,pcos_02,2025-01-12,acne,4
c39bc231,pcos_02,2025-01-12,mood_swings,4
981810bf,pcos_02,2025-01-13,cramps,3
9ea536c5,pcos_02,2025-01-13,acne,5
c70f35b4,pcos_02,2025-01-13,mood_swings,2
79fd92a1,pcos_02,2025-01-13,fatigue,5
2c9445b7,pcos_02,2025-01-13,bloating,2
641888b8,pcos_02,2025-01-14,cramps,5
37987858,pcos_02,2025-01-14,acne,5
abcbe1f5,pcos_02,2025-01-14,hair_loss,2
17e9512c,pcos_02,2025-01-14,mood_swings,5
4c296f18,pcos_02,2025-01-14,fatigue,5
f71029b1,pcos_02,2025-01-14,bloating,4
b965558a,pcos_02,2025-01-15,cramps,4
14662e2b,pcos_02,2025-01-15,fatigue,4
0c010c7e,pcos_02,2025-01-16,hair_loss,5
cab95b67,pcos_02,2025-01-17,bloating,5
e7e9b129,pcos_02,2025-01-18,cramps,4
c71bb2b4,pcos_02,2025-01-18,acne,5
d4be9588,pcos_02,2025-01-18,hair_loss,3
6a17df7f,pcos_02,2025-01-18,mood_swings,2
a0a13538,pcos_02,2025-01-18,fatigue,4
58c80a09,pcos_02,2025-01-18,bloating,3
b7b74360,pcos_02,2025-02-22,acne,4
3babe436,pcos_02,2025-02-22,hair_loss,4
a180f401,pcos_02,2025-02-23,cramps,4
1b559467,pcos_02,2025-02-23,mood_swings,2
095260f6,pcos_02,2025-02-23,fatigue,5
05ad89d5,pcos_02,2025-02-23,bloating,4
5043560e,pcos_02,2025-02-24,cramps,3
6588dcb0,pcos_02,2025-02-24,acne,2
fa33cb02,pcos_02,2025-02-24,hair_loss,4
e1669591,pcos_02,2025-02-24,fatigue,4
49f58ee9,pcos_02,2025-02-25,cramps,5
04860b08,pcos_02,2025-02-25,acne,3
12542ce5,pcos_02,2025-02-25,hair_loss,2
a09a4f41,pcos_02,2025-02-25,mood_swings,2
bb191488,pcos_02,2025-02-25,fatigue,5
67be6892,pcos_02,2025-02-25,bloating,2
936d3205,pcos_02,2025-02-26,acne,4
72382a36,pcos_02,2025-02-26,mood_swings,4
7dc972bd,pcos_02,2025-02-26,bloating,3
12fe1c91,pcos_02,2025-02-27,cramps,2
a003ea49,pcos_02,2025-02-27,acne,2
c88a6d82,pcos_02,2025-02-27,mood_swings,4
c58348a5,pcos_02,2025-02-28,acne,5
d3927b84,pcos_02,2025-02-28,mood_swings,4
1b300492,pcos_02,2025-02-28,bloating,5
414fe7bb,pcos_02,2025-03-01,acne,4
75f98c91,pcos_02,2025-03-01,mood_swings,2
40c90145,pcos_02,2025-03-01,fatigue,3
9b8e0c20,pcos_02,2025-03-02,cramps,3
e6b79afd,pcos_02,2025-03-02,bloating,4
d4adf99c,pcos_02,2025-04-18,cramps,2
85424cca,pcos_02,2025-04-19,mood_swings,2
1039c508,pcos_02,2025-04-20,acne,3
fe26a63f,pcos_02,2025-04-20,mood_swings,3
43ebda77,pcos_02,2025-04-20,fatigue,4
a09c54e3,pcos_02,2025-04-20,bloating,4
b79da119,pcos_02,2025-04-21,acne,3
13ccfe4f,pcos_02,2025-04-21,hair_loss,5
d70ab09b,pcos_02,2025-04-21,mood_swings,4
654a4fe8,pcos_02,2025-04-21,bloating,4
bda22f21,pcos_02,2025-04-22,acne,5
669e18dc,pcos_02,2025-04-22,mood_swings,3
23c142bc,pcos_02,2025-04-22,bloating,5
9cd018ad,pcos_02,2025-04-23,acne,4
e2e45841,pcos_02,2025-04-23,mood_swings,2
ef2dd6dc,pcos_02,2025-04-23,fatigue,5
05e49db0,pcos_02,2025-04-23,bloating,3
08c708a0,pcos_02,2025-06-02,mood_swings,2
db890fbd,pcos_02,2025-06-02,fatigue,5
9d0ef5c5,pcos_02,2025-06-03,cramps,2
6080ee9a,pcos_02,2025-06-03,hair_loss,3
af21927a,pcos_02,2025-06-03,fatigue,5
5a2d9408,pcos_02,2025-06-04,cramps,5
664b3b39,pcos_02,2025-06-04,acne,3
984aefe6,pcos_02,2025-06-04,mood_swings,4
a071d3c0,pcos_02,2025-06-05,acne,4
6bed9d2f,pcos_02,2025-06-06,cramps,5
77526a3e,pcos_02,2025-06-07,acne,2
0c7aa487,pcos_02,2025-06-07,mood_swings,5
cd89e48d,pcos_02,2025-06-07,fatigue,5
0589cbaf,pcos_02,2025-06-07,bloating,4
82fead00,pcos_02,2025-07-26,cramps,4
4bb74cd1,pcos_02,2025-07-26,acne,5
f15d0e3e,pcos_02,2025-07-26,hair_loss,5
2a692a7e,pcos_02,2025-07-26,mood_swings,3
9b09b3dd,pcos_02,2025-07-26,bloating,3
1cee8045,pcos_02,2025-07-27,cramps,4
1ee35401,pcos_02,2025-07-27,acne,4
2ef11d65,pcos_02,2025-07-27,hair_loss,4
9c113abe,pcos_02,2025-07-27,mood_swings,4
452feeb7,pcos_02,2025-07-27,fatigue,5
ce84beca,pcos_02,2025-07-27,bloating,3
7f0571f9,pcos_02,2025-07-28,cramps,4
fad28e2e,pcos_02,2025-07-28,bloating,3
62fc9414,pcos_02,2025-07-29,acne,3
58587ee8,pcos_02,2025-07-29,hair_loss,2
a5deac03,pcos_02,2025-07-30,cramps,2
5f8faa8c,pcos_02,2025-07-30,acne,4
ac644d04,pcos_02,2025-07-30,mood_swings,5
841f4ac5,pcos_02,2025-07-31,cramps,2
09a6a8d8,pcos_02,2025-07-31,mood_swings,5
bf5feef0,pcos_02,2025-07-31,fatigue,2
9df7693f,pcos_02,2025-08-01,hair_loss,4
840c23b6,pcos_02,2025-08-01,bloating,2
d3cc3f02,pcos_02,2025-08-02,cramps,4
aba80aa6,pcos_02,2025-08-02,acne,2
a6134c6a,pcos_02,2025-08-02,mood_swings,2
fc59eb3a,pcos_02,2025-08-02,fatigue,4
b2e911a6,pcos_02,2025-08-02,bloating,2
c0d7ab43,pcos_02,2025-08-03,acne,3
574085bc,pcos_02,2025-08-03,hair_loss,5
2c3a2430,pcos_02,2025-08-03,fatigue,3
5fc32958,pcos_02,2025-08-03,bloating,3
cd9ada2e,pcos_02,2025-08-04,cramps,3
b759ee4d,pcos_02,2025-08-04,hair_loss,3
ff1d266d,pcos_02,2025-08-04,fatigue,3
b40391f5,pcos_02,2025-08-04,bloating,2
3c8cc8aa,pcos_03,2024-01-01,acne,4
a498a4b5,pcos_03,2024-01-01,bloating,4
28011710,pcos_03,2024-01-02,cramps,4
50eed638,pcos_03,2024-01-02,acne,5
520d2c23,pcos_03,2024-01-02,hair_loss,4
13d53ccd,pcos_03,2024-01-02,fatigue,3
ea25cb56,pcos_03,2024-01-02,bloating,2
085cb78d,pcos_03,2024-01-03,cramps,5
2d837f67,pcos_03,2024-01-03,acne,3
b051cb17,pcos_03,2024-01-03,fatigue,4
d86cb941,pcos_03,2024-01-03,bloating,2
a9e832d0,pcos_03,2024-01-04,acne,5
2360f989,pcos_03,2024-01-04,hair_loss,4
d3d4d81f,pcos_03,2024-01-04,bloating,2
4178a273,pcos_03,2024-01-05,acne,3
9d12860e,pcos_03,2024-01-05,fatigue,3
62ce4567,pcos_03,2024-01-05,bloating,3
3fa9c3fd,pcos_03,2024-01-06,acne,3
63e79351,pcos_03,2024-01-06,mood_swings,2
9890b11f,pcos_03,2024-01-06,fatigue,2
68e7265b,pcos_03,2024-02-07,cramps,2
8828107e,pcos_03,2024-02-07,acne,3
e4e3b2e7,pcos_03,2024-02-07,hair_loss,2
e826cfe4,pcos_03,2024-02-07,fatigue,5
8c29ab9c,pcos_03,2024-02-07,bloating,4
ccab8c0c,pcos_03,2024-02-08,acne,5
5124c322,pcos_03,2024-02-08,hair_loss,3
d66fdeb0,pcos_03,2024-02-08,mood_swings,5
5ef15052,pcos_03,2024-02-08,fatigue,4
fe1de0ad,pcos_03,2024-02-09,cramps,2
a5c65e4b,pcos_03,2024-02-09,acne,5
e0041e93,pcos_03,2024-02-09,hair_loss,4
ad569a43,pcos_03,2024-02-09,bloating,5
0536b72a,pcos_03,2024-02-10,cramps,5
c6f5f20e,pcos_03,2024-02-10,acne,5
cc7126fa,pcos_03,2024-02-10,hair_loss,3
dc522a58,pcos_03,2024-02-10,mood_swings,5
fe55f249,pcos_03,2024-02-11,hair_loss,2
1f2104c2,pcos_03,2024-02-11,mood_swings,3
4f4fe3ce,pcos_03,2024-02-11,fatigue,5
0cca0c47,pcos_03,2024-02-11,bloating,4
87890285,pcos_03,2024-02-12,cramps,2
9b1bd591,pcos_03,2024-02-12,acne,3
5b5ac420,pcos_03,2024-02-12,hair_loss,5
415fe04d,pcos_03,2024-02-12,mood_swings,2
70760dc6,pcos_03,2024-02-12,fatigue,5
b0e5ca50,pcos_03,2024-02-12,bloating,3
2e8398d1,pcos_03,2024-02-13,cramps,5
4b07eb61,pcos_03,2024-02-13,acne,4
ca57e034,pcos_03,2024-02-13,fatigue,5
9dc9a61c,pcos_03,2024-02-14,cramps,3
d7da2940,pcos_03,2024-02-14,mood_swings,4
b3c7225b,pcos_03,2024-02-14,bloating,5
74041405,pcos_03,2024-02-15,acne,2
c584d978,pcos_03,2024-02-15,mood_swings,2
14af0621,pcos_03,2024-02-15,fatigue,2
0914a1e7,pcos_03,2024-02-15,bloating,2
0ef9ec83,pcos_03,2024-03-14,acne,5
9f3c7947,pcos_03,2024-03-14,hair_loss,5
6a8d3676,pcos_03,2024-03-14,mood_swings,5
4e0e7526,pcos_03,2024-03-14,fatigue,4
83b5f2b6,pcos_03,2024-03-14,bloating,4
b40df3d6,pcos_03,2024-03-15,hair_loss,4
8ba86df7,pcos_03,2024-03-15,fatigue,3
3688530a,pcos_03,2024-03-15,bloating,3
0b1e48a0,pcos_03,2024-03-16,hair_loss,4
2dab186d,pcos_03,2024-03-16,mood_swings,3
2430e034,pcos_03,2024-03-17,hair_loss,5
cbeb852c,pcos_03,2024-03-17,mood_swings,5
2596987b,pcos_03,2024-03-17,fatigue,5
b28817ef,pcos_03,2024-03-17,bloating,2
3157b8a7,pcos_03,2024-03-18,cramps,3
ee9bf25a,pcos_03,2024-03-18,acne,2
96d13f3e,pcos_03,2024-03-18,mood_swings,2
9b4a3822,pcos_03,2024-03-18,bloating,2
4a46fd22,pcos_03,2024-03-19,cramps,3
7274ec24,pcos_03,2024-03-19,acne,2
cde5430a,pcos_03,2024-03-19,mood_swings,5
b1e113d4,pcos_03,2024-03-19,bloating,5
b21fc105,pcos_03,2024-03-20,acne,3
bf695392,pcos_03,2024-03-20,hair_loss,3
afc794a0,pcos_03,2024-03-20,mood_swings,3
3323054b,pcos_03,2024-03-20,fatigue,4
7058eba0,pcos_03,2024-03-20,bloating,3
38febbe1,pcos_03,2024-03-21,acne,5
81c8e492,pcos_03,2024-03-21,hair_loss,4
2ae71ae4,pcos_03,2024-05-17,cramps,3
24d65f3b,pcos_03,2024-05-17,hair_loss,3
0195ace9,pcos_03,2024-05-17,mood_swings,5
0c55f0a5,pcos_03,2024-05-17,bloating,2
70ab6b28,pcos_03,2024-05-18,cramps,5
db01c77e,pcos_03,2024-05-18,acne,5
b205885f,pcos_03,2024-05-18,hair_loss,2
e0f07e5d,pcos_03,2024-05-18,mood_swings,5
5e9a73a1,pcos_03,2024-05-18,fatigue,5
9dcdb89d,pcos_03,2024-05-19,cramps,4
8a3b8606,pcos_03,2024-05-19,acne,3
e1427bbe,pcos_03,2024-05-20,acne,5
99ec24e5,pcos_03,2024-05-20,mood_swings,2
aeeb012d,pcos_03,2024-05-20,bloating,4
e9390a01,pcos_03,2024-05-21,cramps,4
12cf397e,pcos_03,2024-05-21,mood_swings,5
c13a1fed,pcos_03,2024-05-21,fatigue,3
3b9fd95f,pcos_03,2024-05-21,bloating,3
fbce4a77,pcos_03,2024-05-22,hair_loss,4
d78fbc23,pcos_03,2024-05-22,mood_swings,2
3c61ea43,pcos_03,2024-05-22,bloating,4
3fd7ea83,pcos_03,2024-05-23,acne,2
1cb89133,pcos_03,2024-05-23,mood_swings,4
33652649,pcos_03,2024-05-23,bloating,4
692e869f,pcos_03,2024-05-24,cramps,2
c36e9d61,pcos_03,2024-05-25,acne,5
e9343655,pcos_03,2024-05-25,bloating,4
33a4f226,pcos_03,2024-05-26,cramps,3
67d43fef,pcos_03,2024-05-26,hair_loss,3
fdd9c260,pcos_03,2024-05-26,mood_swings,2
f119142b,pcos_03,2024-05-26,fatigue,2
cd964844,pcos_03,2024-05-26,bloating,4
66ee2c53,pcos_03,2024-05-27,acne,2
9caf5292,pcos_03,2024-05-27,hair_loss,4
570fdda2,pcos_03,2024-05-27,fatigue,4
a899bd5d,pcos_03,2024-05-27,bloating,5
a0c3be1c,pcos_03,2024-06-22,acne,4
02854cc1,pcos_03,2024-06-22,hair_loss,5
23f1739d,pcos_03,2024-06-22,mood_swings,3
2ba9c76a,pcos_03,2024-06-22,bloating,2
19f59580,pcos_03,2024-06-23,cramps,4
fcf479e9,pcos_03,2024-06-23,acne,5
4e14cae2,pcos_03,2024-06-23,bloating,2
ad7bd760,pcos_03,2024-06-24,acne,2
438aa74d,pcos_03,2024-06-24,hair_loss,2
94ec3dad,pcos_03,2024-06-24,bloating,4
50f02757,pcos_03,2024-06-25,cramps,3
d1626b0d,pcos_03,2024-06-25,acne,3
e4d43f8c,pcos_03,2024-06-25,fatigue,5
e524cab5,pcos_03,2024-06-26,cramps,3
3d044f2b,pcos_03,2024-06-26,acne,5
dbd9936d,pcos_03,2024-06-26,hair_loss,3
ae777bb3,pcos_03,2024-06-26,mood_swings,3
47fa626d,pcos_03,2024-06-26,fatigue,4
03468e9b,pcos_03,2024-06-26,bloating,5
6070f854,pcos_03,2024-06-27,cramps,5
50a10fb0,pcos_03,2024-06-27,acne,4
94551101,pcos_03,2024-06-27,hair_loss,5
e1d875be,pcos_03,2024-06-27,bloating,5
028d0654,pcos_03,2024-06-28,cramps,3
dc75da56,pcos_03,2024-06-28,hair_loss,4
2b988d45,pcos_03,2024-06-28,mood_swings,4
6ad6284d,pcos_03,2024-06-28,fatigue,3
6044d08c,pcos_03,2024-06-28,bloating,5
c26e1e72,pcos_03,2024-06-29,cramps,2
ef63c3c4,pcos_03,2024-06-29,acne,3
b8887300,pcos_03,2024-06-29,hair_loss,5
50e8da83,pcos_03,2024-06-29,mood_swings,4
50b20c67,pcos_03,2024-06-30,acne,2
28dede2e,pcos_03,2024-06-30,fatigue,5
c88a586f,pcos_03,2024-06-30,bloating,4
f952b0a7,pcos_03,2024-07-01,acne,4
85b31b4b,pcos_03,2024-07-01,hair_loss,5
bb506152,pcos_03,2024-07-01,mood_swings,2
7ce07f98,pcos_03,2024-07-01,fatigue,5
49b6eef3,pcos_03,2024-07-01,bloating,5
f8e22751,pcos_03,2024-07-02,acne,3
c62238d8,pcos_03,2024-07-02,hair_loss,4
2efba723,pcos_03,2024-07-02,fatigue,5
840f5313,pcos_03,2024-07-02,bloating,3
f6c99e9e,pcos_03,2024-07-28,acne,4
2370cfad,pcos_03,2024-07-28,mood_swings,2
481c4a75,pcos_03,2024-07-28,fatigue,3
b2ce053e,pcos_03,2024-07-29,mood_swings,3
c8868f29,pcos_03,2024-07-29,fatigue,4
74653864,pcos_03,2024-07-30,cramps,2
b58d3e6d,pcos_03,2024-07-30,acne,3
06ceee01,pcos_03,2024-07-30,mood_swings,3
ce8ad52c,pcos_03,2024-07-30,fatigue,3
53c467b5,pcos_03,2024-07-30,bloating,3
13c0d0e2,pcos_03,2024-07-31,cramps,2
f8df5f1d,pcos_03,2024-07-31,acne,3
efc5f0d7,pcos_03,2024-07-31,hair_loss,3
2bcfd7ab,pcos_03,2024-07-31,mood_swings,4
27673eec,pcos_03,2024-07-31,fatigue,3
66d60188,pcos_03,2024-07-31,bloating,5
e61d23ba,pcos_03,2024-08-01,acne,3
aa2fd45b,pcos_03,2024-08-02,acne,3
2ffd4807,pcos_03,2024-08-02,hair_loss,3
a2a9065c,pcos_03,2024-08-02,mood_swings,4
f750e34a,pcos_03,2024-08-03,acne,5
9cd20e02,pcos_03,2024-08-03,mood_swings,2
bdeecf8c,pcos_03,2024-08-03,fatigue,3
05bb5e4f,pcos_03,2024-08-04,cramps,4
536ffb7e,pcos_03,2024-08-04,acne,2
b2f8c80c,pcos_03,2024-08-05,cramps,3
9cff789d,pcos_03,2024-08-05,acne,4
ee90a5d8,pcos_03,2024-08-05,hair_loss,4
dd98b34d,pcos_03,2024-08-05,mood_swings,3
6626a8d4,pcos_03,2024-08-05,fatigue,4
4f3402c0,pcos_03,2024-08-05,bloating,5
6bf81e4b,pcos_03,2024-08-06,cramps,5
54617a77,pcos_03,2024-08-06,acne,5
bacd9e1e,pcos_03,2024-08-06,fatigue,2
55290d2e,pcos_03,2024-08-06,bloating,2
7fa8ec09,pcos_03,2024-08-28,acne,3
03cf9c8e,pcos_03,2024-08-28,mood_swings,5
6c1700d4,pcos_03,2024-08-28,fatigue,5
ecf6e8fd,pcos_03,2024-08-28,bloating,2
280b797a,pcos_03,2024-08-29,cramps,4
62db1795,pcos_03,2024-08-29,hair_loss,5
e733bc7f,pcos_03,2024-08-29,mood_swings,5
8968d6bf,pcos_03,2024-08-30,acne,3
9deaa4d3,pcos_03,2024-08-30,mood_swings,5
1899214f,pcos_03,2024-08-30,bloating,2
6630aeb6,pcos_03,2024-08-31,cramps,4
3f71a250,pcos_03,2024-08-31,acne,5
3d04fe12,pcos_03,2024-08-31,hair_loss,5
5323615d,pcos_03,2024-08-31,mood_swings,2
9f50df9d,pcos_03,2024-08-31,bloating,2
21158c40,pcos_03,2024-09-01,acne,4
6e6f8a76,pcos_03,2024-09-01,hair_loss,4
43437f1b,pcos_03,2024-09-01,fatigue,4
e2a9a4b2,pcos_03,2024-09-01,bloating,4
09f2d0aa,pcos_03,2024-09-30,cramps,2
de1e86d2,pcos_03,2024-09-30,acne,5
3cdb2b02,pcos_03,2024-09-30,hair_loss,2
3e9cb10a,pcos_03,2024-09-30,mood_swings,3
0c8c2ccc,pcos_03,2024-10-01,cramps,4
ac628d81,pcos_03,2024-10-01,acne,5
2cfe0c56,pcos_03,2024-10-01,mood_swings,5
f5cb9ffe,pcos_03,2024-10-01,fatigue,4
77ade3e2,pcos_03,2024-10-01,bloating,3
7785c573,pcos_03,2024-10-02,mood_swings,2
75f8342c,pcos_03,2024-10-02,fatigue,4
bc6bef46,pcos_03,2024-10-02,bloating,2
01a40d72,pcos_03,2024-10-03,cramps,4
9cf0b5c1,pcos_03,2024-10-03,mood_swings,5
5d9e9041,pcos_03,2024-10-04,mood_swings,3
b9f578f0,pcos_03,2024-10-04,bloating,5
bd2616f3,pcos_03,2024-10-05,cramps,5
6af619ef,pcos_03,2024-10-05,acne,3
bdd0cfc3,pcos_03,2024-10-05,hair_loss,2
0ee7d988,pcos_03,2024-10-06,cramps,5
e35cfcd4,pcos_03,2024-10-06,acne,5
d086301b,pcos_03,2024-10-06,mood_swings,5
fa635b3c,pcos_03,2024-10-07,cramps,3
41f73fa0,pcos_03,2024-10-07,acne,4
ca6799be,pcos_03,2024-10-07,hair_loss,4
533509a5,pcos_03,2024-10-07,bloating,5
b7bab62e,pcos_03,2024-10-08,acne,5
815f3409,pcos_03,2024-10-08,hair_loss,2
cc6235d3,pcos_03,2024-10-08,mood_swings,4
246afcd7,pcos_03,2024-10-08,fatigue,5
3be721ed,pcos_03,2024-10-08,bloating,5
bcadbc84,pcos_03,2024-10-09,cramps,3
b5db4d67,pcos_03,2024-10-09,acne,4
77d97b0d,pcos_03,2024-10-09,hair_loss,2
d97320de,pcos_03,2024-10-09,bloating,3
f7b212ad,pcos_03,2024-11-09,cramps,4
4116a73d,pcos_03,2024-11-09,acne,5
f0cffd1e,pcos_03,2024-11-09,hair_loss,3
9f73f1cf,pcos_03,2024-11-09,bloating,2
bf2787a4,pcos_03,2024-11-10,acne,5
3d3f16a0,pcos_03,2024-11-10,mood_swings,3
b6f7b931,pcos_03,2024-11-10,fatigue,2
524a30e3,pcos_03,2024-11-10,bloating,3
8d3eb77c,pcos_03,2024-11-11,cramps,2
9efb3ead,pcos_03,2024-11-11,acne,3
5eb888e9,pcos_03,2024-11-12,acne,3
c8c68a27,pcos_03,2024-11-12,hair_loss,4
628ca943,pcos_03,2024-11-12,mood_swings,4
fd757b3f,pcos_03,2024-11-13,acne,4
bf392dc3,pcos_03,2024-11-13,mood_swings,3
27447c1b,pcos_03,2024-11-13,bloating,5
b0df1d77,pcos_03,2024-11-14,cramps,5
b3a89d0b,pcos_03,2024-11-14,acne,3
22241abc,pcos_03,2024-11-14,hair_loss,2
5eaecb02,pcos_03,2024-11-14,mood_swings,4
e3277933,pcos_03,2024-11-15,acne,5
d1d7df53,pcos_03,2024-11-15,mood_swings,2
7fe70e4e,pcos_03,2024-11-15,bloating,2
8bc9db7c,pcos_03,2024-11-16,mood_swings,3
72846b62,pcos_03,2024-11-16,fatigue,5
8efd9a6c,pcos_03,2024-11-17,acne,5
bb3f0606,pcos_03,2024-11-17,bloating,4
c4b5173a,pcos_03,2024-11-18,acne,5
cf16aff6,pcos_03,2024-11-18,fatigue,4
7d0f4c71,pcos_03,2024-11-18,bloating,2
e5f7886c,pcos_03,2025-01-05,cramps,5
966c413f,pcos_03,2025-01-05,bloating,4
7fd94158,pcos_03,2025-01-06,hair_loss,2
85f9bf2b,pcos_03,2025-01-06,mood_swings,2
c85dcb3b,pcos_03,2025-01-06,bloating,5
e36daf5c,pcos_03,2025-01-07,acne,5
71aba6c4,pcos_03,2025-01-08,mood_swings,2
d921fca0,pcos_03,2025-01-08,fatigue,5
b02bda59,pcos_03,2025-01-09,acne,5
2878bdef,pcos_03,2025-01-09,mood_swings,5
db1815bd,pcos_03,2025-01-09,fatigue,2
5e2a234f,pcos_03,2025-01-09,bloating,4
76463ac5,pcos_03,2025-01-10,acne,2
e4a2eea7,pcos_03,2025-01-10,mood_swings,4
a3bbc30b,pcos_03,2025-01-10,fatigue,3
c186d29a,pcos_03,2025-02-05,acne,3
7dab3953,pcos_03,2025-02-05,mood_swings,5
a5aecf13,pcos_03,2025-02-05,fatigue,5
8c4796e3,pcos_03,2025-02-06,acne,3
2cfda4ce,pcos_03,2025-02-06,hair_loss,4
71236e8e,pcos_03,2025-02-06,mood_swings,4
f97355a8,pcos_03,2025-02-07,cramps,3
269a9cc1,pcos_03,2025-02-07,acne,4
7acc05f9,pcos_03,2025-02-07,hair_loss,5
c3358b9b,pcos_03,2025-02-07,fatigue,3
41716dab,pcos_03,2025-02-07,bloating,4
8751e0e0,pcos_03,2025-02-08,acne,3
1d4dee12,pcos_03,2025-02-08,hair_loss,3
ec3da61d,pcos_03,2025-02-08,mood_swings,3
0eeb2762,pcos_03,2025-02-08,bloating,5
2a9b28b3,pcos_03,2025-02-09,cramps,3
1797903a,pcos_03,2025-02-09,mood_swings,4
0501d93f,pcos_03,2025-02-09,bloating,5
8429c4e2,pcos_03,2025-02-10,hair_loss,5
e5657cf6,pcos_03,2025-02-10,fatigue,2
20d652a9,pcos_03,2025-02-10,bloating,4
201febf5,pcos_03,2025-02-11,cramps,3
b62c696c,pcos_03,2025-02-11,acne,2
99ddcd26,pcos_03,2025-02-11,mood_swings,5
1c5a3277,pcos_03,2025-02-12,cramps,3
94d04a42,pcos_03,2025-02-12,hair_loss,2
2fbf6809,pcos_03,2025-02-12,mood_swings,2
c58df74c,pcos_03,2025-02-12,bloating,4
e687ce0f,pcos_03,2025-02-13,acne,2
e0c25a11,pcos_03,2025-02-13,mood_swings,3
08ab02c4,pcos_03,2025-02-13,fatigue,3
eb7cf863,pcos_03,2025-02-14,acne,5
6ffa5775,pcos_03,2025-02-14,hair_loss,4
6709fe0f,pcos_03,2025-02-14,mood_swings,2
ae8a3607,pcos_03,2025-03-19,cramps,4
35c7c3c2,pcos_03,2025-03-19,acne,3
f97c6326,pcos_03,2025-03-19,hair_loss,5
a8b32b05,pcos_03,2025-03-19,mood_swings,2
cface9ac,pcos_03,2025-03-19,fatigue,2
ce707c2f,pcos_03,2025-03-19,bloating,2
91273482,pcos_03,2025-03-20,cramps,5
3d03749c,pcos_03,2025-03-20,acne,3
d94fd1e1,pcos_03,2025-03-20,mood_swings,2
80b0ac14,pcos_03,2025-03-21,cramps,5
3083d5ee,pcos_03,2025-03-21,hair_loss,5
92080004,pcos_03,2025-03-21,fatigue,5
cb7bba05,pcos_03,2025-03-22,cramps,3
132296af,pcos_03,2025-03-22,acne,5
4ba4123c,pcos_03,2025-03-22,fatigue,3
3879aee8,pcos_03,2025-03-22,bloating,4
f26565b0,pcos_03,2025-03-23,acne,3
96fc6821,pcos_03,2025-03-23,hair_loss,4
1bc47e0c,pcos_03,2025-03-23,bloating,3
a5cdc272,pcos_03,2025-03-24,cramps,5
11d1ba22,pcos_03,2025-03-24,acne,2
fba0b03e,pcos_03,2025-03-24,mood_swings,3
9a0848b0,pcos_03,2025-03-24,fatigue,2
66314e1b,pcos_03,2025-03-25,cramps,4
81457c0d,pcos_03,2025-03-25,acne,5
3bd9a69e,pcos_03,2025-03-25,hair_loss,4
d3a2b0aa,pcos_03,2025-03-25,fatigue,3
4c5280a6,pcos_03,2025-03-25,bloating,3
0884e69d,pcos_03,2025-03-26,fatigue,5
a90a3f0a,pcos_03,2025-05-12,cramps,4
f97ae372,pcos_03,2025-05-12,acne,4
47ba2897,pcos_03,2025-05-12,hair_loss,4
1e6dc3d8,pcos_03,2025-05-12,mood_swings,4
63e69f75,pcos_03,2025-05-12,bloating,4
38193627,pcos_03,2025-05-13,cramps,5
8a5755d0,pcos_03,2025-05-13,hair_loss,5
121fcbd6,pcos_03,2025-05-13,mood_swings,5
cfc903be,pcos_03,2025-05-13,fatigue,3
d54d1e85,pcos_03,2025-05-14,acne,3
50506a76,pcos_03,2025-05-14,hair_loss,4
ec29fd3c,pcos_03,2025-05-14,mood_swings,4
46a38a7d,pcos_03,2025-05-14,fatigue,5
885ad67d,pcos_03,2025-05-15,cramps,3
2851047d,pcos_03,2025-05-15,mood_swings,4
d18fe046,pcos_03,2025-05-15,fatigue,3
97e6b419,pcos_03,2025-05-15,bloating,5
201bab78,pcos_03,2025-05-16,acne,2
cf17e657,pcos_03,2025-05-16,mood_swings,5
d1e0f71a,pcos_03,2025-05-16,fatigue,5
02837f48,pcos_03,2025-05-16,bloating,2
b80fe3be,pcos_03,2025-05-17,acne,4
39197438,pcos_03,2025-05-17,hair_loss,4
bb435c4a,pcos_03,2025-05-17,mood_swings,3
6d643bc4,pcos_03,2025-05-17,bloating,5
d0ab1f78,pcos_03,2025-06-18,acne,4
49ff4557,pcos_03,2025-06-18,fatigue,4
606f565d,pcos_03,2025-06-19,cramps,2
922324ce,pcos_03,2025-06-19,bloating,5
32285459,pcos_03,2025-06-20,acne,4
ab73b320,pcos_03,2025-06-20,hair_loss,5
9d4d5eff,pcos_03,2025-06-20,mood_swings,3
4ce6d830,pcos_03,2025-06-21,cramps,2
6c71a7d2,pcos_03,2025-06-21,acne,5
16ef6b7f,pcos_03,2025-06-21,hair_loss,5
ea762117,pcos_03,2025-06-21,bloating,4
ea0bb9a8,pcos_03,2025-06-22,cramps,5
8e2b4f65,pcos_03,2025-06-22,fatigue,5
bc997dee,pcos_03,2025-06-22,bloating,4
69eec633,pcos_03,2025-07-21,mood_swings,2
2c59191c,pcos_03,2025-07-21,bloating,3
16ca150a,pcos_03,2025-07-22,hair_loss,4
822f5acf,pcos_03,2025-07-22,mood_swings,3
bf2274ae,pcos_03,2025-07-22,bloating,4
f84cd8fd,pcos_03,2025-07-23,cramps,5
dc2d199f,pcos_03,2025-07-23,hair_loss,4
2dc05b4e,pcos_03,2025-07-23,mood_swings,5
82c2ab5f,pcos_03,2025-07-23,fatigue,3
a58d4d9c,pcos_03,2025-07-23,bloating,3
0e0b9440,pcos_03,2025-07-24,cramps,3
fde31f90,pcos_03,2025-07-24,acne,4
94886552,pcos_03,2025-07-24,fatigue,4
e12d9fd0,pcos_03,2025-07-25,acne,3
87658d94,pcos_03,2025-07-25,mood_swings,3
ad539622,pcos_03,2025-07-25,fatigue,2
df3dac3e,pcos_03,2025-07-26,hair_loss,4
4b90786b,pcos_03,2025-07-26,bloating,3
0e36ac5d,pcos_03,2025-07-27,cramps,4
2fb34a7e,pcos_03,2025-07-27,acne,3
ad686328,pcos_03,2025-07-27,mood_swings,5
ccb046dc,pcos_03,2025-07-27,fatigue,5
0c6422a2,pcos_03,2025-07-27,bloating,3
24361753,pcos_04,2024-01-01,cramps,2
dd7c96b0,pcos_04,2024-01-01,acne,5
04fda5fc,pcos_04,2024-01-01,mood_swings,4
11b5e66c,pcos_04,2024-01-02,cramps,3
80fd7673,pcos_04,2024-01-02,acne,2
555fbb73,pcos_04,2024-01-02,hair_loss,3
a6b299a2,pcos_04,2024-01-02,mood_swings,5
3664db91,pcos_04,2024-01-02,bloating,3
cbc994ec,pcos_04,2024-01-03,acne,4
443e11e0,pcos_04,2024-01-03,fatigue,3
f729e27f,pcos_04,2024-01-04,mood_swings,2
fa26f300,pcos_04,2024-01-04,bloating,3
8c7ea193,pcos_04,2024-01-05,cramps,4
3b6ebb9d,pcos_04,2024-01-05,hair_loss,4
dca56091,pcos_04,2024-01-05,mood_swings,2
2d544ba3,pcos_04,2024-01-05,fatigue,5
6e2cb9a2,pcos_04,2024-01-05,bloating,3
7423bce7,pcos_04,2024-01-06,acne,5
aaf234a1,pcos_04,2024-01-06,fatigue,2
0f1d8854,pcos_04,2024-01-06,bloating,3
14823228,pcos_04,2024-01-07,cramps,2
0856190f,pcos_04,2024-01-07,acne,5
10dadfbb,pcos_04,2024-01-07,hair_loss,5
f89b63d1,pcos_04,2024-01-07,bloating,2
37e6e94e,pcos_04,2024-02-16,acne,2
dac24124,pcos_04,2024-02-16,hair_loss,3
a6330e12,pcos_04,2024-02-16,mood_swings,3
2fa4c666,pcos_04,2024-02-16,bloating,2
291b7fa6,pcos_04,2024-02-17,hair_loss,2
b1a7519a,pcos_04,2024-02-17,mood_swings,4
72d72f42,pcos_04,2024-02-17,fatigue,4
7443ee42,pcos_04,2024-02-17,bloating,5
e3806eab,pcos_04,2024-02-18,acne,4
040f7bf3,pcos_04,2024-02-18,mood_swings,5
93de54c6,pcos_04,2024-02-18,fatigue,3
a73d66a2,pcos_04,2024-02-18,bloating,2
fa329915,pcos_04,2024-02-19,bloating,2
f0326d5f,pcos_04,2024-02-20,acne,5
88012c08,pcos_04,2024-02-20,hair_loss,5
520abf65,pcos_04,2024-02-20,mood_swings,4
243d74c6,pcos_04,2024-02-20,fatigue,5
a3e1979f,pcos_04,2024-02-20,bloating,3
5e05be7a,pcos_04,2024-02-21,cramps,4
20196dc2,pcos_04,2024-02-21,acne,2
a3275dc3,pcos_04,2024-02-21,bloating,3
6ab4bf56,pcos_04,2024-02-22,cramps,5
2b71ffe3,pcos_04,2024-02-22,hair_loss,2
0b2156a0,pcos_04,2024-02-22,fatigue,4
e13bd05d,pcos_04,2024-02-22,bloating,4
03edd2c8,pcos_04,2024-02-23,cramps,2
1a570fa8,pcos_04,2024-02-23,hair_loss,3
b615bb63,pcos_04,2024-02-23,bloating,4
75b2b5fc,pcos_04,2024-02-24,cramps,4
272219a0,pcos_04,2024-02-24,acne,5
4398f0a5,pcos_04,2024-02-25,cramps,3
b97b5a8f,pcos_04,2024-02-25,acne,3
56b15c3d,pcos_04,2024-02-25,mood_swings,4
a2e487bd,pcos_04,2024-02-26,acne,2
bd1ac843,pcos_04,2024-02-26,mood_swings,3
0a8bf693,pcos_04,2024-02-27,cramps,3
9f695439,pcos_04,2024-02-27,acne,3
aaeedd82,pcos_04,2024-02-27,fatigue,3
f8115a33,pcos_04,2024-02-27,bloating,5
5619070f,pcos_04,2024-03-31,hair_loss,5
d7cbe172,pcos_04,2024-03-31,fatigue,3
c200654f,pcos_04,2024-04-01,cramps,2
8588113e,pcos_04,2024-04-01,acne,4
e0603192,pcos_04,2024-04-01,hair_loss,2
ca50fda3,pcos_04,2024-04-01,mood_swings,5
9b49cd65,pcos_04,2024-04-01,fatigue,5
8d8536d1,pcos_04,2024-04-02,mood_swings,3
23ae7367,pcos_04,2024-04-02,bloating,3
b0510a1d,pcos_04,2024-04-03,cramps,4
f3d32242,pcos_04,2024-04-03,acne,4
91de0921,pcos_04,2024-04-03,hair_loss,5
7bb1a5ae,pcos_04,2024-04-03,mood_swings,3
1858af61,pcos_04,2024-04-03,fatigue,3
21dda99e,pcos_04,2024-04-04,acne,2
c685e740,pcos_04,2024-04-04,mood_swings,5
645045cb,pcos_04,2024-04-04,fatigue,5
2a44ae5b,pcos_04,2024-04-04,bloating,2
7106185b,pcos_04,2024-04-05,acne,3
30b709c2,pcos_04,2024-04-05,hair_loss,4
0ee1a22c,pcos_04,2024-04-05,bloating,4
b07640d4,pcos_04,2024-04-06,cramps,5
bab3eabc,pcos_04,2024-04-06,acne,3
2d0a2917,pcos_04,2024-04-07,cramps,2
0139a988,pcos_04,2024-04-07,acne,4
6a6072a1,pcos_04,2024-04-07,hair_loss,5
c7057ab8,pcos_04,2024-04-07,bloating,2
cc7cc70d,pcos_04,2024-05-08,acne,4
bb7f74a9,pcos_04,2024-05-08,mood_swings,4
66157a27,pcos_04,2024-05-08,bloating,2
4e0e7942,pcos_04,2024-05-09,acne,5
2a9afbbc,pcos_04,2024-05-09,hair_loss,5
0f3453b5,pcos_04,2024-05-09,fatigue,5
5acba7f3,pcos_04,2024-05-09,bloating,5
25cb6019,pcos_04,2024-05-10,mood_swings,2
a8e1b833,pcos_04,2024-05-11,acne,2
8eceaae8,pcos_04,2024-05-11,mood_swings,5
5eac4538,pcos_04,2024-05-12,cramps,5
5f649045,pcos_04,2024-05-12,mood_swings,5
755fabc5,pcos_04,2024-05-13,acne,2
01d16b0b,pcos_04,2024-05-13,hair_loss,3
eda8e31f,pcos_04,2024-05-13,mood_swings,4
3b1b1a9b,pcos_04,2024-05-13,fatigue,5
93e72098,pcos_04,2024-05-14,hair_loss,4
1ebae3c5,pcos_04,2024-05-14,mood_swings,3
ef127a90,pcos_04,2024-05-14,fatigue,2
b9186087,pcos_04,2024-05-14,bloating,4
5df8c6fc,pcos_04,2024-06-18,fatigue,5
224ad4bf,pcos_04,2024-06-19,cramps,3
1e83db33,pcos_04,2024-06-19,acne,4
d59342c6,pcos_04,2024-06-19,hair_loss,2
92d2a44c,pcos_04,2024-06-19,fatigue,5
6c6a6292,pcos_04,2024-06-20,acne,5
fcea5040,pcos_04,2024-06-20,hair_loss,5
b9119231,pcos_04,2024-06-21,cramps,2
c95d7a81,pcos_04,2024-06-21,acne,4
2d6339b3,pcos_04,2024-06-22,acne,2
cfc688ec,pcos_04,2024-06-22,hair_loss,2
68bd377d,pcos_04,2024-06-23,acne,4
337b550d,pcos_04,2024-06-23,mood_swings,5
f9f66b4b,pcos_04,2024-06-23,fatigue,4
5233c8d0,pcos_04,2024-06-24,acne,3
0b2614c3,pcos_04,2024-06-24,hair_loss,2
f6599373,pcos_04,2024-06-24,mood_swings,3
b310caca,pcos_04,2024-06-24,bloating,5
b576bec9,pcos_04,2024-06-25,cramps,3
7df36c51,pcos_04,2024-06-25,acne,3
d71b18b2,pcos_04,2024-06-25,hair_loss,3
afcfa6b1,pcos_04,2024-06-25,mood_swings,4
84928175,pcos_04,2024-06-25,fatigue,2
a8dc1ab9,pcos_04,2024-07-24,hair_loss,3
d69eee4d,pcos_04,2024-07-26,cramps,4
321e676c,pcos_04,2024-07-26,acne,3
62481b9f,pcos_04,2024-07-26,hair_loss,4
805fd140,pcos_04,2024-07-26,mood_swings,3
3f209702,pcos_04,2024-07-26,fatigue,3
8132aae6,pcos_04,2024-07-27,acne,5
b28394f8,pcos_04,2024-07-27,mood_swings,3
fd947542,pcos_04,2024-07-28,acne,3
20bbd38a,pcos_04,2024-07-28,hair_loss,2
412263c3,pcos_04,2024-07-28,mood_swings,5
b2a98c22,pcos_04,2024-07-28,fatigue,5
ec902dc1,pcos_04,2024-07-28,bloating,3
7c94cc52,pcos_04,2024-07-29,cramps,5
a9b84d7e,pcos_04,2024-07-29,acne,2
f619b5aa,pcos_04,2024-07-29,mood_swings,3
b0ac1e3e,pcos_04,2024-07-29,fatigue,4
8f05b57c,pcos_04,2024-07-29,bloating,4
1f58b132,pcos_04,2024-07-30,fatigue,3
da76d7b9,pcos_04,2024-08-20,acne,4
34652f13,pcos_04,2024-08-20,hair_loss,5
bba20531,pcos_04,2024-08-20,mood_swings,4
b7ebc991,pcos_04,2024-08-21,cramps,4
070cfa14,pcos_04,2024-08-21,acne,2
923b3775,pcos_04,2024-08-21,mood_swings,3
97757a4f,pcos_04,2024-08-21,bloating,3
60bd69e4,pcos_04,2024-08-22,acne,5
91efbd09,pcos_04,2024-08-22,mood_swings,2
9bcb6992,pcos_04,2024-08-22,bloating,5
0f0e32ad,pcos_04,2024-08-23,acne,5
cec42ea1,pcos_04,2024-08-23,hair_loss,4
61afbad6,pcos_04,2024-08-23,mood_swings,4
112f6271,pcos_04,2024-08-23,fatigue,5
e32c9b96,pcos_04,2024-08-24,cramps,3
d785e37f,pcos_04,2024-08-24,acne,3
2b907195,pcos_04,2024-08-24,hair_loss,2
8820d277,pcos_04,2024-08-24,mood_swings,2
7503900d,pcos_04,2024-08-24,bloating,2
2e66f898,pcos_04,2024-08-25,acne,4
232d2c58,pcos_04,2024-08-25,hair_loss,2
b1038535,pcos_04,2024-08-25,bloating,5
14507c1d,pcos_04,2024-08-26,cramps,4
3d238f77,pcos_04,2024-08-26,mood_swings,5
e7c8408b,pcos_04,2024-08-26,fatigue,3
da18306d,pcos_04,2024-08-27,cramps,3
122ca219,pcos_04,2024-08-27,acne,3
804b6012,pcos_04,2024-08-27,bloating,3
5bef4664,pcos_04,2024-08-28,acne,2
f13fba6e,pcos_04,2024-08-28,bloating,4
ab7e2a57,pcos_04,2024-10-02,cramps,2
fe8e2d34,pcos_04,2024-10-02,acne,3
16b8eed8,pcos_04,2024-10-03,acne,5
ea26ee20,pcos_04,2024-10-03,fatigue,3
fa686d86,pcos_04,2024-10-03,bloating,3
3e0e724c,pcos_04,2024-10-04,acne,5
e6846835,pcos_04,2024-10-04,hair_loss,2
535bf74e,pcos_04,2024-10-05,mood_swings,2
b2c441ef,pcos_04,2024-10-05,bloating,5
e38ed17c,pcos_04,2024-10-06,acne,4
a333668e,pcos_04,2024-10-06,hair_loss,5
91e5a4e2,pcos_04,2024-10-06,fatigue,5
cd716979,pcos_04,2024-10-06,bloating,5
bf793c79,pcos_04,2024-10-07,cramps,2
f3f509f1,pcos_04,2024-10-07,acne,4
c6061bb3,pcos_04,2024-10-07,fatigue,4
7eeff08c,pcos_04,2024-10-08,acne,2
a57acd35,pcos_04,2024-10-08,hair_loss,2
e5025cd5,pcos_04,2024-10-08,mood_swings,3
04938c33,pcos_04,2024-10-09,acne,4
40b118b4,pcos_04,2024-10-09,hair_loss,4
cc9ce0fb,pcos_04,2024-10-09,fatigue,5
73779f3d,pcos_04,2024-10-10,acne,4
cbac3b49,pcos_04,2024-10-10,mood_swings,3
7079926f,pcos_04,2024-10-10,fatigue,3
976a3fb6,pcos_04,2024-11-25,cramps,3
0135941c,pcos_04,2024-11-25,acne,2
361cd070,pcos_04,2024-11-25,hair_loss,5
ec6fb957,pcos_04,2024-11-25,mood_swings,2
7c9f1d57,pcos_04,2024-11-25,bloating,3
b8c83eb1,pcos_04,2024-11-26,hair_loss,3
0f19a3db,pcos_04,2024-11-26,bloating,5
d499f46f,pcos_04,2024-11-27,cramps,3
1573cc23,pcos_04,2024-11-27,acne,4
b2741e3c,pcos_04,2024-11-27,mood_swings,4
8d4e3088,pcos_04,2024-11-27,fatigue,4
8d080ce8,pcos_04,2024-11-27,bloating,2
5aef94ea,pcos_04,2024-11-28,cramps,5
8f2baf71,pcos_04,2024-11-28,acne,3
c1e60471,pcos_04,2024-11-28,mood_swings,2
617242d2,pcos_04,2024-11-28,bloating,5
1200d64b,pcos_04,2024-11-29,cramps,3
e56be122,pcos_04,2024-11-29,acne,2
744544d3,pcos_04,2024-11-29,hair_loss,5
473096f5,pcos_04,2024-11-29,mood_swings,4
6dcbd38c,pcos_04,2024-11-29,fatigue,4
c6784c65,pcos_04,2024-11-30,acne,4
48f5f307,pcos_04,2024-11-30,mood_swings,4
f12b233e,pcos_04,2024-11-30,fatigue,2
6603236f,pcos_04,2024-11-30,bloating,3
43a7d4bb,pcos_04,2025-02-05,cramps,3
dbfdd697,pcos_04,2025-02-05,acne,2
76ef8c51,pcos_04,2025-02-05,hair_loss,2
3836f667,pcos_04,2025-02-05,mood_swings,2
4ed0e810,pcos_04,2025-02-05,bloating,2
26c719d6,pcos_04,2025-02-06,cramps,4
e9b8555a,pcos_04,2025-02-06,acne,3
07d83511,pcos_04,2025-02-06,hair_loss,2
7457d656,pcos_04,2025-02-07,hair_loss,2
f2df828f,pcos_04,2025-02-07,fatigue,4
d2778fab,pcos_04,2025-02-08,cramps,3
e8ab8341,pcos_04,2025-02-08,hair_loss,5
46a56082,pcos_04,2025-02-08,mood_swings,4
3fea4c0c,pcos_04,2025-02-08,bloating,3
13ba72eb,pcos_04,2025-02-09,cramps,5
76f9a2a8,pcos_04,2025-02-09,acne,5
532acb14,pcos_04,2025-02-09,hair_loss,3
d7fd70c5,pcos_04,2025-02-09,fatigue,3
1b1887f5,pcos_04,2025-02-09,bloating,4
34cf4f1b,pcos_04,2025-02-10,cramps,2
7964d7af,pcos_04,2025-02-10,acne,2
d09e4aba,pcos_04,2025-02-10,mood_swings,4
50704a8b,pcos_04,2025-02-10,fatigue,3
49005810,pcos_04,2025-02-11,acne,2
3728b0d6,pcos_04,2025-02-11,bloating,3
9f4dd6b6,pcos_04,2025-02-12,acne,2
74d17ebe,pcos_04,2025-02-12,hair_loss,5
313e9b9c,pcos_04,2025-02-12,bloating,5
50fffef1,pcos_04,2025-03-19,cramps,5
8ba2c100,pcos_04,2025-03-19,acne,3
e1674932,pcos_04,2025-03-19,hair_loss,4
c3d45603,pcos_04,2025-03-19,mood_swings,4
cfe32551,pcos_04,2025-03-19,bloating,5
e3220220,pcos_04,2025-03-20,hair_loss,2
e886e391,pcos_04,2025-03-20,mood_swings,4
18b404d9,pcos_04,2025-03-20,fatigue,5
2b1ea64d,pcos_04,2025-03-20,bloating,3
7871f5b8,pcos_04,2025-03-21,acne,4
a7f5a8c2,pcos_04,2025-03-21,hair_loss,5
bb54d9d1,pcos_04,2025-03-21,mood_swings,5
2de53fdf,pcos_04,2025-03-21,fatigue,5
bf8bb50c,pcos_04,2025-03-21,bloating,5
711280c1,pcos_04,2025-03-22,cramps,4
b82233d5,pcos_04,2025-03-22,acne,5
2336f13b,pcos_04,2025-03-22,hair_loss,3
adad9cca,pcos_04,2025-03-22,mood_swings,3
f40be8fc,pcos_04,2025-03-23,hair_loss,5
591e4ad0,pcos_04,2025-03-23,mood_swings,5
e3c764f8,pcos_04,2025-03-23,fatigue,4
014aa556,pcos_04,2025-03-23,bloating,3
fa728aa7,pcos_04,2025-03-24,cramps,5
20ce29ab,pcos_04,2025-03-24,acne,5
169a5b73,pcos_04,2025-03-24,hair_loss,3
dcffce17,pcos_04,2025-03-24,mood_swings,3
173c132f,pcos_04,2025-03-25,cramps,5
f94fb40e,pcos_04,2025-03-25,acne,3
3cffaba2,pcos_04,2025-03-25,hair_loss,3
7d8dbdd4,pcos_04,2025-03-25,mood_swings,3
cbb7cfeb,pcos_04,2025-03-25,bloating,3
9a82fe6b,pcos_04,2025-03-26,cramps,4
22283460,pcos_04,2025-03-26,acne,3
58b1d659,pcos_04,2025-03-26,mood_swings,2
304c939f,pcos_04,2025-03-27,cramps,2
c9ecc487,pcos_04,2025-03-27,mood_swings,2
fd842318,pcos_04,2025-03-27,fatigue,4
4da1e4ec,pcos_04,2025-03-27,bloating,3
f1553438,pcos_04,2025-03-28,acne,2
6ab34666,pcos_04,2025-03-28,hair_loss,4
5fb74d1b,pcos_04,2025-03-28,mood_swings,5
7b83fdfa,pcos_04,2025-03-28,fatigue,3
68df5969,pcos_04,2025-03-28,bloating,2
6d1bce7a,pcos_04,2025-05-05,acne,2
fa4d7f82,pcos_04,2025-05-05,fatigue,5
b9829811,pcos_04,2025-05-06,cramps,3
9c9007f0,pcos_04,2025-05-06,mood_swings,5
d031ff1a,pcos_04,2025-05-06,fatigue,2
2a132f8e,pcos_04,2025-05-06,bloating,5
057ff984,pcos_04,2025-05-07,cramps,5
3bf39d8c,pcos_04,2025-05-07,acne,2
d6032a9e,pcos_04,2025-05-07,fatigue,5
557bb404,pcos_04,2025-05-07,bloating,3
2bce6bc8,pcos_04,2025-05-08,cramps,2
e2c9be86,pcos_04,2025-05-08,mood_swings,4
6517a85d,pcos_04,2025-05-09,cramps,3
1393a78d,pcos_04,2025-05-09,acne,5
6b7ebbab,pcos_04,2025-05-09,mood_swings,3
bf133645,pcos_04,2025-05-09,bloating,2
12f3372c,pcos_04,2025-05-10,cramps,5
083fa121,pcos_04,2025-05-10,acne,5
59e0ad46,pcos_04,2025-05-10,mood_swings,4
5ebaf3df,pcos_04,2025-05-10,fatigue,4
f04590bf,pcos_04,2025-07-19,cramps,3
c899fc5f,pcos_04,2025-07-19,acne,3
4a1b2630,pcos_04,2025-07-19,mood_swings,5
3dc0011e,pcos_04,2025-07-19,fatigue,4
280c0179,pcos_04,2025-07-20,acne,2
6c96e9f2,pcos_04,2025-07-20,hair_loss,2
249ddc66,pcos_04,2025-07-20,mood_swings,2
1301a2e2,pcos_04,2025-07-20,bloating,5
0b1dec7b,pcos_04,2025-07-21,cramps,5
e999b245,pcos_04,2025-07-21,acne,2
33977ef0,pcos_04,2025-07-21,mood_swings,5
b09ff8db,pcos_04,2025-07-21,fatigue,5
644beb6a,pcos_04,2025-07-21,bloating,4
603c53a8,pcos_04,2025-07-22,cramps,4
b1d465a5,pcos_04,2025-07-22,mood_swings,4
473f4046,pcos_04,2025-07-22,fatigue,5
a19bd92e,pcos_04,2025-07-23,cramps,4
11df3c57,pcos_04,2025-07-23,mood_swings,3
b4180d88,pcos_04,2025-07-23,bloating,2
54bfc2f2,pcos_04,2025-07-24,cramps,2
efe12560,pcos_04,2025-07-24,acne,3
b30d2d39,pcos_04,2025-07-24,fatigue,2
d2a1ffb1,pcos_04,2025-07-25,cramps,2
603cf6e0,pcos_04,2025-07-25,acne,5
5780fc71,pcos_04,2025-07-25,mood_swings,2
bbd28a6f,pcos_04,2025-07-25,bloating,3
2b1b05d3,pcos_04,2025-07-26,cramps,2
8950b7d9,pcos_04,2025-07-26,acne,2
4bc5a569,pcos_04,2025-07-26,hair_loss,3
ec9a0419,pcos_04,2025-07-26,mood_swings,2
a83fc883,pcos_04,2025-07-26,fatigue,3
2dcb9749,pcos_04,2025-07-26,bloating,3
4309bba7,pcos_04,2025-08-19,acne,2
ab321c6a,pcos_04,2025-08-19,hair_loss,2
ff290ea5,pcos_04,2025-08-19,mood_swings,3
75f7853e,pcos_04,2025-08-19,fatigue,3
3df5bf67,pcos_04,2025-08-20,acne,3
7d7c1f4b,pcos_04,2025-08-20,fatigue,5
6891ccac,pcos_04,2025-08-21,acne,4
33ebf0dc,pcos_04,2025-08-21,hair_loss,4
235c90e8,pcos_04,2025-08-21,bloating,4
128c9a02,pcos_04,2025-08-22,cramps,3
654e1a04,pcos_04,2025-08-22,acne,2
19d421fb,pcos_04,2025-08-22,hair_loss,2
9b911749,pcos_04,2025-08-22,bloating,5
886bddfa,pcos_04,2025-08-23,cramps,2
7b5ff39b,pcos_04,2025-08-23,acne,4
38f9f4a7,pcos_04,2025-08-23,bloating,4
e9a5da06,pcos_04,2025-08-24,cramps,5
73f21a1e,pcos_04,2025-08-24,acne,4
8a3d710c,pcos_04,2025-08-24,mood_swings,3
9d45ce48,pcos_04,2025-08-24,fatigue,3
b2a38e61,pcos_04,2025-08-24,bloating,4
fa5bf5ce,pcos_05,2024-01-01,cramps,3
f977d197,pcos_05,2024-01-01,acne,2
05dff450,pcos_05,2024-01-01,hair_loss,2
b56251fb,pcos_05,2024-01-01,mood_swings,4
50169b0f,pcos_05,2024-01-02,cramps,5
aa28667d,pcos_05,2024-01-02,hair_loss,2
d7b9522c,pcos_05,2024-01-02,bloating,4
7d8a431c,pcos_05,2024-01-03,acne,2
d4e28253,pcos_05,2024-01-03,mood_swings,4
8b56fd2a,pcos_05,2024-01-04,acne,5
7617b5f6,pcos_05,2024-01-04,hair_loss,5
d3b931cb,pcos_05,2024-01-04,mood_swings,3
1b5651b4,pcos_05,2024-01-04,fatigue,4
595fd16b,pcos_05,2024-01-05,fatigue,4
69146b7e,pcos_05,2024-01-05,bloating,4
e2860931,pcos_05,2024-01-07,acne,3
62596736,pcos_05,2024-01-07,hair_loss,5
5574900c,pcos_05,2024-01-07,fatigue,2
7c6ecd47,pcos_05,2024-01-07,bloating,3
2e398d5a,pcos_05,2024-01-08,acne,5
d395bffb,pcos_05,2024-01-08,hair_loss,4
48358be5,pcos_05,2024-01-08,mood_swings,5
3531433a,pcos_05,2024-02-15,cramps,2
090b7964,pcos_05,2024-02-15,acne,5
ff07e676,pcos_05,2024-02-15,bloating,4
9fbf3da3,pcos_05,2024-02-16,acne,3
9dbbd5cd,pcos_05,2024-02-16,mood_swings,2
9182f1d6,pcos_05,2024-02-16,fatigue,2
391179e5,pcos_05,2024-02-17,cramps,4
8a545a65,pcos_05,2024-02-17,acne,5
de44918e,pcos_05,2024-02-17,hair_loss,2
235f81dd,pcos_05,2024-02-17,mood_swings,3
aebd45f2,pcos_05,2024-02-17,fatigue,2
5b64a22a,pcos_05,2024-02-17,bloating,5
e0721f33,pcos_05,2024-02-18,cramps,5
738d75d5,pcos_05,2024-02-18,mood_swings,5
286a2c7f,pcos_05,2024-02-18,bloating,4
9600773e,pcos_05,2024-02-19,cramps,4
dced688e,pcos_05,2024-02-19,acne,3
31c19eb9,pcos_05,2024-02-19,mood_swings,3
092cf339,pcos_05,2024-02-19,bloating,2
cd907b1b,pcos_05,2024-02-20,cramps,4
91f83d58,pcos_05,2024-02-20,acne,4
302aa762,pcos_05,2024-02-20,hair_loss,5
14c8054c,pcos_05,2024-02-20,mood_swings,5
f7867cf4,pcos_05,2024-02-20,bloating,4
6ca6d514,pcos_05,2024-02-21,mood_swings,2
589d4a9b,pcos_05,2024-02-21,bloating,3
9b2bad3f,pcos_05,2024-02-22,cramps,2
121aa747,pcos_05,2024-02-22,acne,2
6aa388f4,pcos_05,2024-02-22,fatigue,4
dc771020,pcos_05,2024-02-23,cramps,5
8bfaad63,pcos_05,2024-02-23,acne,2
e19b8c3d,pcos_05,2024-02-23,hair_loss,2
cd1482a2,pcos_05,2024-02-23,mood_swings,5
034c09e7,pcos_05,2024-02-23,bloating,2
813e6e37,pcos_05,2024-02-24,acne,2
04c6def9,pcos_05,2024-02-24,fatigue,2
840412c2,pcos_05,2024-03-22,acne,2
6efce468,pcos_05,2024-03-22,hair_loss,3
ba58bd8d,pcos_05,2024-03-22,bloating,4
0101d929,pcos_05,2024-03-23,cramps,5
6a3cb719,pcos_05,2024-03-23,acne,4
23a196e8,pcos_05,2024-03-23,hair_loss,5
1f04ddd0,pcos_05,2024-03-23,mood_swings,2
0bf3074c,pcos_05,2024-03-23,fatigue,2
99bb25e4,pcos_05,2024-03-23,bloating,5
d576ff8e,pcos_05,2024-03-24,cramps,2
9cc7fe41,pcos_05,2024-03-24,acne,4
c3f2fa12,pcos_05,2024-03-24,fatigue,3
092810f0,pcos_05,2024-03-24,bloating,4
e2514d3a,pcos_05,2024-03-25,cramps,4
d0e8010b,pcos_05,2024-03-25,acne,3
b134b2f2,pcos_05,2024-03-25,fatigue,3
151beb32,pcos_05,2024-03-25,bloating,4
7fa0e669,pcos_05,2024-03-26,cramps,4
0debfcad,pcos_05,2024-03-26,acne,5
1426f079,pcos_05,2024-03-26,bloating,3
b031095b,pcos_05,2024-03-27,cramps,5
b55a44a8,pcos_05,2024-03-27,fatigue,4
7913045a,pcos_05,2024-03-28,mood_swings,2
f1ba3015,pcos_05,2024-03-28,bloating,4
c5861179,pcos_05,2024-03-29,cramps,2
48ff4dd4,pcos_05,2024-03-29,acne,3
9e95d1fd,pcos_05,2024-03-29,fatigue,5
0f24037b,pcos_05,2024-05-05,hair_loss,4
a267141f,pcos_05,2024-05-06,cramps,2
d0973f39,pcos_05,2024-05-07,acne,5
fcac696a,pcos_05,2024-05-07,fatigue,4
2a217bdb,pcos_05,2024-05-07,bloating,3
27c3da4a,pcos_05,2024-05-08,hair_loss,4
dab5caf1,pcos_05,2024-05-08,mood_swings,2
1bda599b,pcos_05,2024-05-08,fatigue,2
5d8cbcaf,pcos_05,2024-05-09,cramps,4
7c141448,pcos_05,2024-05-09,acne,3
ecce35c9,pcos_05,2024-05-09,hair_loss,2
10699485,pcos_05,2024-05-09,bloating,2
2bbe61fb,pcos_05,2024-05-10,cramps,3
976e9f01,pcos_05,2024-05-10,acne,4
f9a5567e,pcos_05,2024-05-10,hair_loss,5
289b6c8e,pcos_05,2024-05-10,mood_swings,3
d82edd3c,pcos_05,2024-05-10,fatigue,5
8ebd9445,pcos_05,2024-05-11,cramps,5
eb9ba9b8,pcos_05,2024-05-11,acne,5
d4ac1553,pcos_05,2024-05-11,hair_loss,2
81e83efe,pcos_05,2024-05-11,mood_swings,2
b45e31dc,pcos_05,2024-05-12,mood_swings,4
01c4c27c,pcos_05,2024-05-12,fatigue,4
fff4cb60,pcos_05,2024-05-13,cramps,5
27e63bf2,pcos_05,2024-05-13,mood_swings,5
8eb0403e,pcos_05,2024-06-22,cramps,4
396a65ac,pcos_05,2024-06-22,acne,5
25ef61e1,pcos_05,2024-06-22,mood_swings,4
fd30f0f2,pcos_05,2024-06-22,bloating,4
efcf27e4,pcos_05,2024-06-23,acne,3
2eab4d0d,pcos_05,2024-06-23,mood_swings,4
b5ef6814,pcos_05,2024-06-23,bloating,5
08372b30,pcos_05,2024-06-24,acne,5
e08a937f,pcos_05,2024-06-24,hair_loss,4
752845b7,pcos_05,2024-06-24,fatigue,4
8a0b54c0,pcos_05,2024-06-25,cramps,3
ea24bbc1,pcos_05,2024-06-25,hair_loss,3
5ce9d2f1,pcos_05,2024-06-25,mood_swings,3
67d6694f,pcos_05,2024-06-25,bloating,3
b01f9186,pcos_05,2024-06-26,acne,5
7ed0913e,pcos_05,2024-06-26,bloating,2
086540e6,pcos_05,2024-08-04,fatigue,4
0d6db1a6,pcos_05,2024-08-05,acne,5
05a06171,pcos_05,2024-08-05,fatigue,4
003be6a3,pcos_05,2024-08-06,hair_loss,5
49a38aec,pcos_05,2024-08-06,mood_swings,3
015fb112,pcos_05,2024-08-07,hair_loss,2
510e924f,pcos_05,2024-08-07,fatigue,5
009c7a70,pcos_05,2024-08-07,bloating,3
3fe094b4,pcos_05,2024-08-08,acne,3
0d31621a,pcos_05,2024-08-08,hair_loss,2
b56ea986,pcos_05,2024-08-08,mood_swings,3
e971c766,pcos_05,2024-08-08,fatigue,2
494d6c78,pcos_05,2024-08-08,bloating,5
f7ec7dde,pcos_05,2024-08-09,acne,4
fd084569,pcos_05,2024-08-09,mood_swings,4
08a31f18,pcos_05,2024-08-09,fatigue,4
894b4144,pcos_05,2024-08-09,bloating,5
cc0829e7,pcos_05,2024-08-10,mood_swings,5
54f509c5,pcos_05,2024-08-10,bloating,4
ededebca,pcos_05,2024-09-08,acne,2
63039f25,pcos_05,2024-09-08,hair_loss,4
fe45b971,pcos_05,2024-09-09,cramps,5
9cdea624,pcos_05,2024-09-09,hair_loss,4
bd236d03,pcos_05,2024-09-09,mood_swings,2
0169df1a,pcos_05,2024-09-09,fatigue,2
9f1f6d67,pcos_05,2024-09-09,bloating,4
3c0179df,pcos_05,2024-09-10,cramps,5
001fb873,pcos_05,2024-09-10,acne,4
5bff1e8a,pcos_05,2024-09-10,fatigue,5
6dd038df,pcos_05,2024-09-10,bloating,3
b19b30f7,pcos_05,2024-09-11,acne,2
cfa24179,pcos_05,2024-09-11,mood_swings,3
71eb26a5,pcos_05,2024-09-11,fatigue,5
9f60810a,pcos_05,2024-09-12,hair_loss,2
b45621db,pcos_05,2024-09-12,fatigue,5
0a4d7554,pcos_05,2024-09-12,bloating,3
9184690c,pcos_05,2024-09-13,cramps,4
2b842d54,pcos_05,2024-09-13,acne,3
79553ecb,pcos_05,2024-09-13,mood_swings,5
ecdcbdae,pcos_05,2024-09-13,fatigue,2
254f089f,pcos_05,2024-09-13,bloating,3
7e4e24a1,pcos_05,2024-09-14,acne,3
d48a8f93,pcos_05,2024-09-14,hair_loss,5
5ab360b5,pcos_05,2024-09-14,mood_swings,5
5212a065,pcos_05,2024-09-15,cramps,3
f345ccb8,pcos_05,2024-09-15,acne,2
ae310070,pcos_05,2024-09-15,hair_loss,4
148ff86b,pcos_05,2024-09-15,fatigue,4
c939828c,pcos_05,2024-09-16,cramps,5
108a7299,pcos_05,2024-09-16,acne,5
9267c826,pcos_05,2024-09-16,mood_swings,2
fbfa9ae6,pcos_05,2024-09-16,fatigue,4
b613d2c0,pcos_05,2024-09-16,bloating,3
82917554,pcos_05,2024-09-17,hair_loss,3
1b2fc31b,pcos_05,2024-09-17,mood_swings,3
de85a60e,pcos_05,2024-09-17,bloating,4
9c350d5a,pcos_05,2024-09-18,acne,3
1f8c85e0,pcos_05,2024-09-18,mood_swings,2
2022b19c,pcos_05,2024-09-18,fatigue,3
12214abb,pcos_05,2024-09-18,bloating,5
6d8e2666,pcos_05,2024-09-19,cramps,2
934a5690,pcos_05,2024-09-19,acne,2
a6ad8d29,pcos_05,2024-09-19,hair_loss,4
604f6b6c,pcos_05,2024-09-19,mood_swings,2
50eba829,pcos_05,2024-09-19,fatigue,3
36c92341,pcos_05,2024-09-19,bloating,3
f440b304,pcos_05,2024-11-06,cramps,2
1ce006dc,pcos_05,2024-11-06,acne,2
c8a62741,pcos_05,2024-11-06,hair_loss,3
a15a1cb1,pcos_05,2024-11-06,fatigue,2
ffbc4edc,pcos_05,2024-11-06,bloating,2
2ac2ff18,pcos_05,2024-11-07,acne,5
ccd15ee5,pcos_05,2024-11-07,mood_swings,3
47070937,pcos_05,2024-11-07,bloating,5
a5989044,pcos_05,2024-11-08,cramps,4
a3f38f37,pcos_05,2024-11-08,hair_loss,4
06a40321,pcos_05,2024-11-08,mood_swings,3
af466d47,pcos_05,2024-11-08,bloating,5
246189f1,pcos_05,2024-11-09,hair_loss,4
22882869,pcos_05,2024-11-09,mood_swings,2
c1d1ab0e,pcos_05,2024-11-09,fatigue,2
08424a4a,pcos_05,2024-11-09,bloating,2
af3be1a9,pcos_05,2024-11-10,mood_swings,4
813f099c,pcos_05,2024-11-10,fatigue,5
ee4d6973,pcos_05,2024-11-11,acne,4
8a828e70,pcos_05,2024-11-11,fatigue,5
db2f32f1,pcos_05,2024-11-11,bloating,3
169bce16,pcos_05,2024-12-14,cramps,4
7a7c4c61,pcos_05,2024-12-14,acne,2
77af91cb,pcos_05,2024-12-14,hair_loss,4
2b8c9137,pcos_05,2024-12-14,bloating,3
db8da044,pcos_05,2024-12-15,cramps,4
fe54c06a,pcos_05,2024-12-15,mood_swings,4
03e243cc,pcos_05,2024-12-15,fatigue,4
49bf5536,pcos_05,2024-12-15,bloating,5
c8e17edb,pcos_05,2024-12-16,cramps,5
62f72a41,pcos_05,2024-12-16,acne,3
5d9ae80a,pcos_05,2024-12-16,fatigue,4
211b72d7,pcos_05,2024-12-16,bloating,4
26552206,pcos_05,2024-12-17,acne,3
bea5e5fd,pcos_05,2024-12-17,mood_swings,3
0bd5a5e1,pcos_05,2024-12-17,fatigue,4
b42075c3,pcos_05,2024-12-18,cramps,4
7a6b895a,pcos_05,2024-12-18,acne,5
4a212a81,pcos_05,2024-12-18,hair_loss,5
d06cd4fc,pcos_05,2024-12-18,mood_swings,4
da7d912b,pcos_05,2024-12-18,bloating,4
8864f384,pcos_05,2024-12-19,cramps,2
7c40514a,pcos_05,2024-12-19,acne,5
0c57edc5,pcos_05,2024-12-19,fatigue,3
33b6ccd9,pcos_05,2024-12-20,cramps,5
d1c52a42,pcos_05,2024-12-20,acne,4
42246164,pcos_05,2024-12-20,mood_swings,4
436306b5,pcos_05,2024-12-20,fatigue,5
0f4ef0e3,pcos_05,2024-12-21,cramps,2
3d6bb164,pcos_05,2024-12-21,acne,5
31b2caca,pcos_05,2024-12-21,hair_loss,3
f139425e,pcos_05,2024-12-21,mood_swings,4
6ae81590,pcos_05,2024-12-22,cramps,2
8d326093,pcos_05,2024-12-22,acne,4
8b700efc,pcos_05,2024-12-22,hair_loss,2
1b979093,pcos_05,2024-12-22,bloating,2
504e960b,pcos_05,2024-12-23,cramps,4
b73fd1fc,pcos_05,2024-12-23,mood_swings,3
a3befb57,pcos_05,2024-12-23,fatigue,4
a074a786,pcos_05,2024-12-24,cramps,3
f7e701f5,pcos_05,2024-12-24,acne,4
86b34a9c,pcos_05,2024-12-24,mood_swings,5
1d6f0493,pcos_05,2024-12-24,fatigue,2
ab4b554a,pcos_05,2024-12-25,cramps,4
847b98d2,pcos_05,2024-12-25,hair_loss,3
4280df81,pcos_05,2024-12-25,fatigue,5
51fbbd0a,pcos_05,2025-01-19,cramps,2
2400fa44,pcos_05,2025-01-19,acne,4
15d46eb8,pcos_05,2025-01-19,hair_loss,5
8c5d94ac,pcos_05,2025-01-19,mood_swings,3
28b5ec0c,pcos_05,2025-01-19,fatigue,2
683d86eb,pcos_05,2025-01-19,bloating,5
9ac49f64,pcos_05,2025-01-20,cramps,5
87ae752d,pcos_05,2025-01-20,mood_swings,4
23eb4dcb,pcos_05,2025-01-20,fatigue,5
ebe853f1,pcos_05,2025-01-20,bloating,4
ee3fb728,pcos_05,2025-01-21,cramps,5
aa276285,pcos_05,2025-01-21,acne,5
aaf35b21,pcos_05,2025-01-21,fatigue,2
3f679b6b,pcos_05,2025-01-22,acne,5
fd92d85d,pcos_05,2025-01-22,hair_loss,4
6b592d99,pcos_05,2025-01-22,mood_swings,4
044fc070,pcos_05,2025-01-22,fatigue,4
a2135c75,pcos_05,2025-01-23,cramps,5
73b6a2bc,pcos_05,2025-01-23,mood_swings,2
f12608d8,pcos_05,2025-01-23,fatigue,2
72021fbc,pcos_05,2025-01-23,bloating,4
a3f8e127,pcos_05,2025-01-24,cramps,2
66da5c84,pcos_05,2025-01-24,acne,5
95e32cb2,pcos_05,2025-01-24,mood_swings,4
9a085144,pcos_05,2025-01-24,fatigue,4
a8d4ed15,pcos_05,2025-01-24,bloating,4
9662b8ee,pcos_05,2025-01-25,cramps,3
6ab86a12,pcos_05,2025-01-25,acne,3
5acf4dff,pcos_05,2025-01-25,fatigue,3
7206aaf7,pcos_05,2025-01-25,bloating,3
fe5aa07b,pcos_05,2025-01-26,cramps,2
42741789,pcos_05,2025-01-26,acne,4
55ff090b,pcos_05,2025-01-26,hair_loss,4
198e5431,pcos_05,2025-01-26,mood_swings,5
01a8b266,pcos_05,2025-01-26,fatigue,3
f0abe950,pcos_05,2025-01-26,bloating,4
49655fc1,pcos_05,2025-01-27,cramps,2
251ea06a,pcos_05,2025-01-27,acne,2
529d293d,pcos_05,2025-01-27,mood_swings,3
d496a186,pcos_05,2025-01-27,fatigue,5
1bb58fe3,pcos_05,2025-03-11,acne,2
3be054fb,pcos_05,2025-03-11,hair_loss,3
eb332533,pcos_05,2025-03-11,mood_swings,5
706f8d90,pcos_05,2025-03-11,bloating,3
c5968224,pcos_05,2025-03-12,cramps,3
3a88bbdb,pcos_05,2025-03-12,acne,2
5e181010,pcos_05,2025-03-12,hair_loss,3
779d14c3,pcos_05,2025-03-12,bloating,2
e2a410ad,pcos_05,2025-03-13,cramps,3
fbca32f7,pcos_05,2025-03-13,acne,3
afa7319c,pcos_05,2025-03-13,mood_swings,4
f6856582,pcos_05,2025-03-13,bloating,3
a9615de4,pcos_05,2025-03-14,cramps,2
2ccf9a0c,pcos_05,2025-03-14,hair_loss,2
4932f15a,pcos_05,2025-03-14,mood_swings,5
20b7e0a7,pcos_05,2025-03-14,fatigue,4
4a7e5153,pcos_05,2025-03-14,bloating,5
42b0a280,pcos_05,2025-03-15,acne,5
4753b6fa,pcos_05,2025-03-15,mood_swings,4
9dfdd362,pcos_05,2025-03-15,bloating,5
9c0090f4,pcos_05,2025-03-16,acne,5
0327acfe,pcos_05,2025-03-16,hair_loss,5
30204474,pcos_05,2025-03-16,mood_swings,2
cc8a139f,pcos_05,2025-03-16,fatigue,4
624a3eb7,pcos_05,2025-03-17,cramps,5
bc4f63b7,pcos_05,2025-03-17,acne,4
4f06a283,pcos_05,2025-03-17,hair_loss,4
c5c6778b,pcos_05,2025-03-17,mood_swings,2
66e789e2,pcos_05,2025-03-17,fatigue,3
12d034a3,pcos_05,2025-03-17,bloating,3
f2b5acaf,pcos_05,2025-03-18,acne,3
a9ca39ea,pcos_05,2025-03-18,hair_loss,3
f2bac91d,pcos_05,2025-03-18,fatigue,5
f0d3a2b6,pcos_05,2025-03-18,bloating,5
10383694,pcos_05,2025-04-28,cramps,2
b22a4ad2,pcos_05,2025-04-28,acne,3
d8e248d2,pcos_05,2025-04-28,fatigue,2
a2e5c0f4,pcos_05,2025-04-28,bloating,5
612f5732,pcos_05,2025-04-29,hair_loss,4
02cf6f94,pcos_05,2025-04-29,mood_swings,5
fa6bcd4d,pcos_05,2025-04-29,fatigue,5
98579ea3,pcos_05,2025-04-29,bloating,4
cbaa171d,pcos_05,2025-04-30,cramps,3
b00ab363,pcos_05,2025-04-30,acne,2
d64103c3,pcos_05,2025-04-30,hair_loss,4
4ff717ab,pcos_05,2025-04-30,mood_swings,3
a2c2dddb,pcos_05,2025-04-30,bloating,5
629e0b8a,pcos_05,2025-05-01,cramps,5
7ecb3d64,pcos_05,2025-05-01,acne,4
6b0a8deb,pcos_05,2025-05-01,hair_loss,2
5ea000d5,pcos_05,2025-05-02,acne,2
d5cbbd1c,pcos_05,2025-05-02,mood_swings,2
6a8aab83,pcos_05,2025-05-02,bloating,5
ab0e0687,pcos_05,2025-05-03,cramps,5
9c057bf6,pcos_05,2025-05-03,mood_swings,3
f584cbf3,pcos_05,2025-05-03,fatigue,5
b581d5d7,pcos_05,2025-05-03,bloating,3
3dc4bff2,pcos_05,2025-05-04,cramps,4
b0c7dd3c,pcos_05,2025-05-04,acne,3
ddf6ce6a,pcos_05,2025-05-04,hair_loss,3
b16dd0d3,pcos_05,2025-05-04,mood_swings,3
5355852a,pcos_05,2025-05-04,fatigue,4
1b07c439,pcos_05,2025-06-20,cramps,2
4eabea18,pcos_05,2025-06-20,acne,5
8bd1ebc3,pcos_05,2025-06-20,mood_swings,3
85e815c8,pcos_05,2025-06-20,bloating,2
8c1d7f6f,pcos_05,2025-06-21,hair_loss,4
c08417fd,pcos_05,2025-06-21,bloating,4
c6aa78bd,pcos_05,2025-06-22,acne,3
99ce684f,pcos_05,2025-06-23,hair_loss,2
ddf1d12c,pcos_05,2025-06-23,mood_swings,4
4349b8dd,pcos_05,2025-06-23,fatigue,4
98741ea2,pcos_05,2025-06-23,bloating,5
613c62d9,pcos_05,2025-06-24,cramps,4
431833ec,pcos_05,2025-06-24,hair_loss,3
19e286e8,pcos_05,2025-06-24,mood_swings,3
c38ff7a6,pcos_05,2025-06-24,bloating,3
d6368113,pcos_05,2025-06-25,acne,4
c8bd1f60,pcos_05,2025-06-25,hair_loss,5
e5953a6a,pcos_05,2025-06-25,mood_swings,4
18666527,pcos_05,2025-06-25,fatigue,3
bf5f7816,pcos_05,2025-06-25,bloating,5
43051199,pcos_05,2025-06-26,acne,4
84ffa94e,pcos_05,2025-06-26,mood_swings,5
943547f0,pcos_05,2025-06-26,bloating,5
7f5f5d2a,pcos_05,2025-06-27,acne,4
5b9e91d8,pcos_05,2025-06-27,hair_loss,3
80e481fb,pcos_05,2025-06-27,mood_swings,5
4ea3a28d,pcos_05,2025-06-27,bloating,3
5e2999d7,pcos_05,2025-06-28,cramps,3
811fd9bd,pcos_05,2025-06-28,acne,3
c8229ee0,pcos_05,2025-06-28,hair_loss,4
1673a528,pcos_05,2025-06-28,mood_swings,2
10559c9c,pcos_05,2025-06-28,fatigue,2
0781e863,pcos_05,2025-06-29,cramps,5
93ede574,pcos_05,2025-06-29,acne,2
601f207a,pcos_05,2025-06-29,bloating,2
1d27ee49,pcos_05,2025-08-02,cramps,4
8767c138,pcos_05,2025-08-02,acne,2
7f75daee,pcos_05,2025-08-02,hair_loss,4
7f058865,pcos_05,2025-08-02,mood_swings,2
16f9dbce,pcos_05,2025-08-02,bloating,2
970b6137,pcos_05,2025-08-03,hair_loss,3
94b30cf9,pcos_05,2025-08-03,bloating,4
b1314628,pcos_05,2025-08-04,acne,2
8291b95c,pcos_05,2025-08-04,mood_swings,2
a8573fd1,pcos_05,2025-08-04,fatigue,4
80569950,pcos_05,2025-08-04,bloating,2
eb63e88d,pcos_05,2025-08-05,cramps,3
cfc7d050,pcos_05,2025-08-05,acne,2
61cff86d,pcos_05,2025-08-05,hair_loss,4
3935c2c8,pcos_05,2025-08-06,cramps,4
56a268ca,pcos_05,2025-08-06,acne,5
b3381591,pcos_05,2025-08-06,hair_loss,3
fc608b11,pcos_05,2025-08-07,cramps,5
5d682b0b,pcos_05,2025-08-07,acne,3
a9b8399e,pcos_05,2025-08-07,hair_loss,2
2a71a4bb,pcos_05,2025-08-07,mood_swings,2
d2c4a23d,pcos_05,2025-08-07,fatigue,5
45741170,pcos_05,2025-08-07,bloating,2
19d956cc,pcos_05,2025-08-08,cramps,4
c5aa1b6c,pcos_05,2025-08-08,acne,3
ded7b123,pcos_05,2025-08-08,mood_swings,2
c947f599,pcos_05,2025-08-09,hair_loss,3
abe9bbb7,pcos_05,2025-08-09,bloating,5
c536792b,pcos_05,2025-08-10,cramps,2
54b812df,pcos_05,2025-08-10,acne,4
8baab590,pcos_05,2025-08-10,hair_loss,5
9e2043e5,pcos_05,2025-08-10,mood_swings,5
e448b4ed,pcos_06,2024-01-01,mood_swings,3
9435441f,pcos_06,2024-01-01,fatigue,2
e7e9ef97,pcos_06,2024-01-01,bloating,4
4929c272,pcos_06,2024-01-02,hair_loss,4
59e5f90f,pcos_06,2024-01-02,mood_swings,2
c882a9b6,pcos_06,2024-01-02,fatigue,5
e7dacd5a,pcos_06,2024-01-03,acne,3
b7fd40c4,pcos_06,2024-01-03,fatigue,4
2beedfb6,pcos_06,2024-01-03,bloating,2
35f80803,pcos_06,2024-01-04,acne,4
a003534e,pcos_06,2024-01-04,hair_loss,2
9c451ef7,pcos_06,2024-01-04,mood_swings,2
e095211d,pcos_06,2024-01-04,fatigue,5
7ada94c1,pcos_06,2024-01-04,bloating,2
4d42df58,pcos_06,2024-01-05,cramps,2
f33948a0,pcos_06,2024-01-05,hair_loss,5
555798d5,pcos_06,2024-01-05,mood_swings,4
d1dc6bc3,pcos_06,2024-01-06,cramps,3
7b6ab0af,pcos_06,2024-01-06,acne,4
7bdeae1e,pcos_06,2024-01-06,bloating,4
6ae855fc,pcos_06,2024-02-19,cramps,3
7ca5fe0e,pcos_06,2024-02-19,hair_loss,3
242c3dd9,pcos_06,2024-02-19,bloating,4
b8101ee2,pcos_06,2024-02-20,acne,5
ede9a7d1,pcos_06,2024-02-20,hair_loss,3
37e275b0,pcos_06,2024-02-20,mood_swings,4
52e0f095,pcos_06,2024-02-20,fatigue,2
627f1f82,pcos_06,2024-02-20,bloating,3
18fd5862,pcos_06,2024-02-21,hair_loss,3
208f19b2,pcos_06,2024-02-21,mood_swings,4
42a4e9d0,pcos_06,2024-02-21,bloating,5
b82808d3,pcos_06,2024-02-22,cramps,5
8b585a47,pcos_06,2024-02-22,acne,5
e6a08c6b,pcos_06,2024-02-22,mood_swings,2
74f91866,pcos_06,2024-02-22,fatigue,2
55fcb5ae,pcos_06,2024-02-22,bloating,5
fd6e8b37,pcos_06,2024-02-23,acne,4
22b003b0,pcos_06,2024-02-24,hair_loss,4
a0c6fee5,pcos_06,2024-02-24,mood_swings,3
4b2b8b91,pcos_06,2024-02-24,fatigue,4
94b6188d,pcos_06,2024-02-24,bloating,5
f4e9fe3b,pcos_06,2024-02-25,acne,5
e1644051,pcos_06,2024-02-25,hair_loss,3
ced4e559,pcos_06,2024-02-25,fatigue,2
205ac42a,pcos_06,2024-02-26,bloating,4
627e843d,pcos_06,2024-02-27,acne,2
ca77f028,pcos_06,2024-02-27,hair_loss,3
3a80d980,pcos_06,2024-02-27,mood_swings,4
51408547,pcos_06,2024-02-27,fatigue,4
73ee865a,pcos_06,2024-02-28,cramps,2
0dae7c53,pcos_06,2024-02-28,mood_swings,2
72565337,pcos_06,2024-02-28,bloating,2
2aac5fc8,pcos_06,2024-02-29,acne,4
7f57ee87,pcos_06,2024-02-29,hair_loss,2
1abd1c6d,pcos_06,2024-02-29,bloating,5
5a7b4764,pcos_06,2024-03-01,cramps,2
a3b10af6,pcos_06,2024-03-01,acne,4
c966e7f8,pcos_06,2024-04-13,mood_swings,5
37d82a3a,pcos_06,2024-04-13,fatigue,4
cccb5209,pcos_06,2024-04-13,bloating,2
88bfc404,pcos_06,2024-04-14,acne,2
d94d4e97,pcos_06,2024-04-15,cramps,2
1da1037b,pcos_06,2024-04-15,mood_swings,2
4057038b,pcos_06,2024-04-15,fatigue,3
2ef3846e,pcos_06,2024-04-15,bloating,2
16cffb86,pcos_06,2024-04-16,cramps,4
da7b7f3d,pcos_06,2024-04-16,acne,2
c9310a1e,pcos_06,2024-04-16,mood_swings,4
cc44aa17,pcos_06,2024-04-17,cramps,5
1f3d1096,pcos_06,2024-04-17,hair_loss,5
c54d662a,pcos_06,2024-04-17,mood_swings,4
79481034,pcos_06,2024-04-17,fatigue,2
d4371441,pcos_06,2024-04-17,bloating,2
54662c3d,pcos_06,2024-04-18,acne,2
77558d0a,pcos_06,2024-04-18,mood_swings,4
f3cbf271,pcos_06,2024-04-18,fatigue,2
70a2bb21,pcos_06,2024-04-18,bloating,3
5db8f2a7,pcos_06,2024-04-19,cramps,3
16a16117,pcos_06,2024-04-19,acne,2
7e571eb9,pcos_06,2024-04-19,mood_swings,3
412e9185,pcos_06,2024-04-19,bloating,3
2f308943,pcos_06,2024-04-20,acne,4
83973b15,pcos_06,2024-04-20,bloating,3
f184e7a1,pcos_06,2024-04-21,cramps,3
8018a8a9,pcos_06,2024-04-21,acne,5
b4416701,pcos_06,2024-04-21,hair_loss,4
f0cefd99,pcos_06,2024-04-21,mood_swings,5
5e6ceff8,pcos_06,2024-04-21,bloating,4
9f8851ee,pcos_06,2024-05-18,hair_loss,5
543daa90,pcos_06,2024-05-18,mood_swings,2
d0f47e8f,pcos_06,2024-05-18,fatigue,3
a9248b31,pcos_06,2024-05-19,acne,2
b97b04a2,pcos_06,2024-05-19,mood_swings,2
b25868da,pcos_06,2024-05-19,fatigue,3
78d9a80f,pcos_06,2024-05-20,acne,3
9d914de4,pcos_06,2024-05-20,mood_swings,2
5186b51e,pcos_06,2024-05-21,hair_loss,2
1ba126bf,pcos_06,2024-05-21,mood_swings,5
f22585f1,pcos_06,2024-05-21,fatigue,2
509337c5,pcos_06,2024-05-22,cramps,5
aa16d9f6,pcos_06,2024-05-22,acne,4
225f1ad5,pcos_06,2024-05-22,hair_loss,3
2462b3ae,pcos_06,2024-05-22,fatigue,5
6d233281,pcos_06,2024-05-22,bloating,3
b580f300,pcos_06,2024-05-23,cramps,4
c467eaf3,pcos_06,2024-05-23,acne,4
f5cc5360,pcos_06,2024-05-23,hair_loss,5
10bbfed9,pcos_06,2024-05-23,mood_swings,2
51960761,pcos_06,2024-05-23,bloating,3
07b62e46,pcos_06,2024-05-24,cramps,4
4bc8701b,pcos_06,2024-05-24,acne,4
98cf5717,pcos_06,2024-05-24,hair_loss,2
629056a1,pcos_06,2024-05-24,mood_swings,2
94b0e955,pcos_06,2024-05-24,bloating,3
02f2e3f3,pcos_06,2024-05-25,cramps,4
e4eb3d5b,pcos_06,2024-05-25,mood_swings,5
88411ea3,pcos_06,2024-05-25,fatigue,3
2d11e311,pcos_06,2024-05-25,bloating,3
73114af0,pcos_06,2024-05-26,acne,3
92009f9f,pcos_06,2024-05-26,hair_loss,4
799fa143,pcos_06,2024-05-26,mood_swings,2
c2b8ac94,pcos_06,2024-05-26,fatigue,4
0e8b49f7,pcos_06,2024-08-04,cramps,3
330301ae,pcos_06,2024-08-04,mood_swings,3
1987f62c,pcos_06,2024-08-05,cramps,2
8a16621f,pcos_06,2024-08-05,acne,5
88680b28,pcos_06,2024-08-05,mood_swings,3
7233dc9c,pcos_06,2024-08-05,fatigue,4
7f3247dc,pcos_06,2024-08-06,cramps,4
c188d3c2,pcos_06,2024-08-06,acne,5
7fced0de,pcos_06,2024-08-06,bloating,5
f1bdf65c,pcos_06,2024-08-07,cramps,3
c614fdfb,pcos_06,2024-08-07,hair_loss,4
be6b6c9e,pcos_06,2024-08-07,mood_swings,3
da4c2c84,pcos_06,2024-08-07,bloating,5
5ecc55c3,pcos_06,2024-08-08,acne,2
a95e8f8c,pcos_06,2024-08-08,hair_loss,3
6b8e5e38,pcos_06,2024-08-08,mood_swings,2
44ca50d2,pcos_06,2024-08-08,fatigue,5
854336f2,pcos_06,2024-08-08,bloating,2
9859b49b,pcos_06,2024-08-09,cramps,5
69bd8b5e,pcos_06,2024-08-09,hair_loss,3
ba32ce71,pcos_06,2024-08-09,mood_swings,2
86330cf2,pcos_06,2024-08-09,fatigue,2
efd2e817,pcos_06,2024-08-10,cramps,4
a4da81c7,pcos_06,2024-08-10,acne,5
4fc2f8a3,pcos_06,2024-08-10,mood_swings,3
287a8c94,pcos_06,2024-08-10,bloating,4
60cc37b3,pcos_06,2024-08-11,acne,3
7b0081a9,pcos_06,2024-08-11,hair_loss,4
0f1477df,pcos_06,2024-08-11,mood_swings,2
940d43c3,pcos_06,2024-08-11,bloating,3
b2004377,pcos_06,2024-08-12,hair_loss,3
be9a39e5,pcos_06,2024-08-12,fatigue,5
b1631e46,pcos_06,2024-08-30,acne,2
3532345a,pcos_06,2024-08-30,mood_swings,4
401d5faf,pcos_06,2024-08-30,fatigue,3
a71b50cf,pcos_06,2024-08-30,bloating,2
4f330099,pcos_06,2024-08-31,acne,3
14ea6a2c,pcos_06,2024-08-31,hair_loss,4
97329616,pcos_06,2024-08-31,mood_swings,5
e1fcf83d,pcos_06,2024-08-31,fatigue,3
9ff0b0b5,pcos_06,2024-08-31,bloating,3
b8db2a41,pcos_06,2024-09-01,cramps,4
15ebf269,pcos_06,2024-09-01,hair_loss,2
26e1de5c,pcos_06,2024-09-01,fatigue,5
1262ef45,pcos_06,2024-09-01,bloating,4
7870484c,pcos_06,2024-09-02,cramps,3
c6191dc8,pcos_06,2024-09-02,acne,5
0a3bfa01,pcos_06,2024-09-02,hair_loss,3
ce823a44,pcos_06,2024-09-02,mood_swings,3
e7fcca09,pcos_06,2024-09-02,fatigue,5
59423264,pcos_06,2024-09-02,bloating,3
db7e010b,pcos_06,2024-09-03,cramps,4
c0d84eb4,pcos_06,2024-09-03,hair_loss,3
d9d0a17a,pcos_06,2024-09-03,fatigue,5
15b1960c,pcos_06,2024-09-03,bloating,4
209820d6,pcos_06,2024-09-04,fatigue,4
1b70b548,pcos_06,2024-09-04,bloating,5
b22e60a6,pcos_06,2024-09-05,hair_loss,3
a2c64a82,pcos_06,2024-09-05,fatigue,2
09ffc04d,pcos_06,2024-09-05,bloating,5
0b09715a,pcos_06,2024-09-06,acne,3
ddba128d,pcos_06,2024-09-06,hair_loss,3
dd5a53ad,pcos_06,2024-09-06,mood_swings,3
fb3b717d,pcos_06,2024-09-06,bloating,2
09080e16,pcos_06,2024-10-17,acne,2
87c4f67e,pcos_06,2024-10-17,hair_loss,2
7f9a128f,pcos_06,2024-10-17,mood_swings,4
3b75a336,pcos_06,2024-10-18,cramps,5
54e88f3f,pcos_06,2024-10-18,hair_loss,3
a391428d,pcos_06,2024-10-18,fatigue,3
4d896838,pcos_06,2024-10-19,cramps,2
6293d6cb,pcos_06,2024-10-19,hair_loss,3
50ade03a,pcos_06,2024-10-19,bloating,2
deb122a2,pcos_06,2024-10-21,cramps,3
4e9f83e4,pcos_06,2024-10-21,mood_swings,2
9728b45d,pcos_06,2024-10-21,bloating,2
e6885d49,pcos_06,2024-10-22,cramps,4
0c7c8bee,pcos_06,2024-10-22,acne,2
5986f141,pcos_06,2024-10-22,fatigue,2
fe315b37,pcos_06,2024-10-23,acne,4
a704f9e0,pcos_06,2024-10-23,hair_loss,2
b567a4f4,pcos_06,2024-10-23,mood_swings,3
9e620b33,pcos_06,2024-10-23,bloating,5
d9c9c17b,pcos_06,2024-11-28,acne,2
0b3e20bd,pcos_06,2024-11-28,hair_loss,5
e239c235,pcos_06,2024-11-28,mood_swings,5
acfb6204,pcos_06,2024-11-28,fatigue,2
e52b8f07,pcos_06,2024-11-28,bloating,2
57e15049,pcos_06,2024-11-29,hair_loss,4
66c5b83f,pcos_06,2024-11-29,mood_swings,4
13094370,pcos_06,2024-11-29,bloating,2
35179607,pcos_06,2024-11-30,cramps,3
2f803485,pcos_06,2024-11-30,fatigue,2
4f78bfa6,pcos_06,2024-11-30,bloating,3
a0639491,pcos_06,2024-12-01,acne,2
510f67f5,pcos_06,2024-12-01,mood_swings,5
af2e79d2,pcos_06,2024-12-01,fatigue,3
a7c7eff5,pcos_06,2024-12-01,bloating,5
973a0848,pcos_06,2024-12-02,hair_loss,3
2e6bd373,pcos_06,2024-12-02,mood_swings,2
c02c5721,pcos_06,2024-12-02,fatigue,2
f146e2f3,pcos_06,2024-12-03,acne,2
2a5cc634,pcos_06,2024-12-03,bloating,4
70454702,pcos_06,2024-12-04,acne,5
2873d2d7,pcos_06,2024-12-04,hair_loss,3
fd463748,pcos_06,2024-12-04,mood_swings,5
1951fe38,pcos_06,2024-12-04,bloating,2
a9477a92,pcos_06,2024-12-05,cramps,3
f667631f,pcos_06,2024-12-05,acne,2
fc7aa21c,pcos_06,2024-12-05,hair_loss,5
990c80f4,pcos_06,2024-12-05,fatigue,3
87524199,pcos_06,2024-12-05,bloating,4
03133069,pcos_06,2024-12-06,cramps,3
836f403c,pcos_06,2024-12-06,acne,5
12aee5ad,pcos_06,2024-12-06,mood_swings,5
3e2f08e7,pcos_06,2024-12-06,fatigue,4
1d46b400,pcos_06,2024-12-07,cramps,5
549f95ab,pcos_06,2024-12-07,mood_swings,5
b3240a60,pcos_06,2024-12-07,fatigue,4
448fd589,pcos_06,2024-12-08,acne,5
efbe0fc9,pcos_06,2024-12-08,fatigue,3
97842124,pcos_06,2024-12-08,bloating,2
ed68d098,pcos_06,2024-12-09,acne,4
816c7fa1,pcos_06,2024-12-09,hair_loss,4
54c34a82,pcos_06,2024-12-24,cramps,3
8f0d28e9,pcos_06,2024-12-24,hair_loss,3
6cd8e168,pcos_06,2024-12-24,fatigue,3
f45fb98e,pcos_06,2024-12-24,bloating,2
630688e7,pcos_06,2024-12-25,acne,4
b0ce277a,pcos_06,2024-12-25,mood_swings,4
6240002c,pcos_06,2024-12-25,fatigue,3
45a41984,pcos_06,2024-12-25,bloating,4
b8a7f214,pcos_06,2024-12-26,cramps,4
0e1558ff,pcos_06,2024-12-26,acne,2
f3489cf4,pcos_06,2024-12-26,hair_loss,3
cd064cdd,pcos_06,2024-12-26,bloating,5
c612afeb,pcos_06,2024-12-27,mood_swings,3
6f5281e8,pcos_06,2024-12-27,fatigue,2
5ba2f2b3,pcos_06,2024-12-28,cramps,3
76052d1d,pcos_06,2024-12-28,acne,4
cb882724,pcos_06,2024-12-28,mood_swings,5
cdf862bf,pcos_06,2024-12-29,mood_swings,4
19128651,pcos_06,2024-12-29,bloating,5
3475ed7d,pcos_06,2024-12-30,mood_swings,3
88603319,pcos_06,2024-12-30,fatigue,2
2033a441,pcos_06,2024-12-31,cramps,2
f692b891,pcos_06,2024-12-31,acne,5
1b9cee2d,pcos_06,2024-12-31,hair_loss,3
960fe30f,pcos_06,2024-12-31,bloating,5
198a87a3,pcos_06,2025-01-19,cramps,4
f4078d54,pcos_06,2025-01-20,acne,5
a8ce106b,pcos_06,2025-01-20,hair_loss,4
edebbe50,pcos_06,2025-01-20,mood_swings,2
01cf9b70,pcos_06,2025-01-20,fatigue,2
afa29f28,pcos_06,2025-01-21,acne,4
77b1d962,pcos_06,2025-01-21,hair_loss,4
9c26ac26,pcos_06,2025-01-21,mood_swings,5
6eaab3b9,pcos_06,2025-01-21,bloating,2
c71e0119,pcos_06,2025-01-22,hair_loss,3
bd4c574f,pcos_06,2025-01-22,fatigue,3
01fde95d,pcos_06,2025-01-23,acne,5
1a376f9d,pcos_06,2025-01-23,hair_loss,4
f70de7e6,pcos_06,2025-01-23,mood_swings,2
4c03b729,pcos_06,2025-01-23,fatigue,2
ec431b49,pcos_06,2025-01-24,acne,5
d3da5f7f,pcos_06,2025-01-24,mood_swings,4
321a0772,pcos_06,2025-01-25,cramps,5
33e1fb4f,pcos_06,2025-01-25,hair_loss,2
f41b1118,pcos_06,2025-01-25,mood_swings,2
3e92b4f1,pcos_06,2025-01-25,fatigue,3
344d941b,pcos_06,2025-01-25,bloating,2
c3d877af,pcos_06,2025-01-26,mood_swings,3
7b2d8bdb,pcos_06,2025-01-26,fatigue,5
6f8a9be8,pcos_06,2025-02-14,cramps,4
21442b08,pcos_06,2025-02-14,hair_loss,3
7ef53808,pcos_06,2025-02-14,fatigue,4
4b7641a4,pcos_06,2025-02-14,bloating,5
4ecb2323,pcos_06,2025-02-15,acne,2
ed8d0655,pcos_06,2025-02-15,hair_loss,5
f76d968e,pcos_06,2025-02-15,mood_swings,3
553fb19c,pcos_06,2025-02-16,acne,2
9ff79521,pcos_06,2025-02-16,hair_loss,4
16c3cd6d,pcos_06,2025-02-16,fatigue,5
71b3688b,pcos_06,2025-02-17,cramps,3
ac19682f,pcos_06,2025-02-17,acne,3
367b13bd,pcos_06,2025-02-17,hair_loss,3
82ab41fe,pcos_06,2025-02-17,mood_swings,4
114d0e9c,pcos_06,2025-02-17,bloating,2
1938ae2d,pcos_06,2025-02-18,acne,2
0b1ca2c3,pcos_06,2025-02-18,mood_swings,4
bb589afd,pcos_06,2025-02-18,bloating,2
1e98df33,pcos_06,2025-02-19,acne,3
59d7329a,pcos_06,2025-02-19,fatigue,4
6947b207,pcos_06,2025-02-19,bloating,3
cdbd68e6,pcos_06,2025-02-20,cramps,5
28350bbb,pcos_06,2025-02-20,mood_swings,4
baa9535f,pcos_06,2025-02-21,bloating,4
4f05f7c2,pcos_06,2025-02-22,cramps,4
e5831242,pcos_06,2025-02-22,acne,3
3ed9993f,pcos_06,2025-02-22,hair_loss,2
5fbd9c8c,pcos_06,2025-02-22,mood_swings,4
efc6b570,pcos_06,2025-02-23,mood_swings,3
1168f3b0,pcos_06,2025-02-23,fatigue,3
41d445b1,pcos_06,2025-02-24,cramps,2
d67c69f8,pcos_06,2025-02-24,acne,2
d4e5993c,pcos_06,2025-02-24,mood_swings,5
6d345d99,pcos_06,2025-02-24,bloating,5
021679bf,pcos_06,2025-02-25,acne,5
a8bb62c0,pcos_06,2025-02-25,hair_loss,3
8044c74f,pcos_06,2025-02-25,mood_swings,3
53f1607e,pcos_06,2025-02-25,bloating,4
00eb1992,pcos_06,2025-04-06,acne,2
dd68c59b,pcos_06,2025-04-07,hair_loss,3
7c68a4c9,pcos_06,2025-04-07,bloating,2
078a5a95,pcos_06,2025-04-08,hair_loss,4
49b3967f,pcos_06,2025-04-08,mood_swings,3
9d61e1a7,pcos_06,2025-04-08,fatigue,4
78657eb5,pcos_06,2025-04-08,bloating,5
447cf95a,pcos_06,2025-04-09,acne,2
d9a50719,pcos_06,2025-04-09,mood_swings,5
6ad51047,pcos_06,2025-04-09,bloating,3
2b1bf0c7,pcos_06,2025-04-10,hair_loss,4
6ab4a8c8,pcos_06,2025-04-10,bloating,3
87ee53cf,pcos_06,2025-04-11,acne,3
f8b36cfb,pcos_06,2025-04-11,hair_loss,4
ad878fda,pcos_06,2025-04-11,fatigue,2
925c0438,pcos_06,2025-04-12,acne,3
02b8884d,pcos_06,2025-04-12,hair_loss,5
d1a29a27,pcos_06,2025-04-12,bloating,2
5261c4c3,pcos_06,2025-04-13,cramps,5
ced4aeaa,pcos_06,2025-04-13,acne,2
1b1ebebd,pcos_06,2025-04-13,hair_loss,3
ff3f6333,pcos_06,2025-04-13,fatigue,2
f41f23c7,pcos_06,2025-04-13,bloating,2
1e64b633,pcos_06,2025-04-14,cramps,2
b2f78efe,pcos_06,2025-04-14,acne,4
6820fe2e,pcos_06,2025-04-14,hair_loss,2
f55e62b2,pcos_06,2025-04-14,fatigue,5
a236e694,pcos_06,2025-04-14,bloating,3
6437bb73,pcos_06,2025-05-21,fatigue,4
d972dffe,pcos_06,2025-05-21,bloating,4
17e4ab97,pcos_06,2025-05-22,cramps,5
6d04e7d1,pcos_06,2025-05-22,acne,4
787ef0f2,pcos_06,2025-05-22,hair_loss,2
01084c35,pcos_06,2025-05-22,fatigue,3
edbd3f5b,pcos_06,2025-05-23,acne,3
1b781a73,pcos_06,2025-05-23,mood_swings,2
89a4d77a,pcos_06,2025-05-23,bloating,5
4fa0fa81,pcos_06,2025-05-24,mood_swings,2
ed5d6974,pcos_06,2025-05-24,bloating,5
4100668c,pcos_06,2025-05-25,acne,4
d455320c,pcos_06,2025-05-25,hair_loss,3
76556df3,pcos_06,2025-05-25,mood_swings,5
3332509d,pcos_06,2025-05-25,fatigue,3
5f7f5d33,pcos_06,2025-07-16,acne,2
83794cc9,pcos_06,2025-07-16,hair_loss,3
30535abf,pcos_06,2025-07-16,bloating,2
8337c565,pcos_06,2025-07-17,cramps,3
1f2523c2,pcos_06,2025-07-17,acne,2
1f909971,pcos_06,2025-07-17,hair_loss,5
6c46c6eb,pcos_06,2025-07-17,mood_swings,4
4a66c4b1,pcos_06,2025-07-17,fatigue,5
e9e879e5,pcos_06,2025-07-17,bloating,4
47800032,pcos_06,2025-07-18,cramps,3
5fadf260,pcos_06,2025-07-18,acne,2
e20140e7,pcos_06,2025-07-18,mood_swings,4
e58da3ca,pcos_06,2025-07-18,fatigue,2
b6a69fc6,pcos_06,2025-07-19,cramps,4
c567c9db,pcos_06,2025-07-19,acne,5
73b6a949,pcos_06,2025-07-19,hair_loss,2
4758296f,pcos_06,2025-07-19,fatigue,4
143080d6,pcos_06,2025-07-19,bloating,2
3f08c12c,pcos_06,2025-07-20,cramps,3
f21ffd4b,pcos_06,2025-07-20,acne,2
89e89534,pcos_06,2025-07-20,hair_loss,2
61e3f170,pcos_06,2025-07-21,cramps,3
c36e94d5,pcos_06,2025-07-21,hair_loss,3
d6a6c7d8,pcos_06,2025-07-22,hair_loss,3
f0d629cf,pcos_06,2025-07-22,mood_swings,5
5b1276da,pcos_06,2025-07-22,fatigue,4
17cf8b24,pcos_06,2025-07-23,cramps,5
2581067b,pcos_06,2025-07-23,acne,5
e6221043,pcos_06,2025-07-23,mood_swings,3
9514e2c8,pcos_06,2025-07-24,cramps,4
5eb99bf2,pcos_06,2025-07-24,acne,4
c8d1be81,pcos_06,2025-07-24,hair_loss,5
d9e1089b,pcos_06,2025-07-24,fatigue,5
eac03a5d,pcos_06,2025-07-24,bloating,2
42c1852c,pcos_06,2025-07-25,cramps,2
00a21035,pcos_06,2025-07-25,acne,5
8c14e670,pcos_06,2025-07-25,hair_loss,5
a95f2a36,pcos_06,2025-07-25,mood_swings,3
eb8f0849,pcos_06,2025-07-25,bloating,2
c7d97d7e,pcos_06,2025-07-26,cramps,3
8c9ebd2a,pcos_06,2025-07-26,acne,3
7ddc2081,pcos_06,2025-07-26,hair_loss,4
0c1cf2cf,pcos_06,2025-07-26,mood_swings,3
6acd40cb,pcos_06,2025-07-26,fatigue,5
a2f44b33,pcos_06,2025-07-27,acne,4
2d3424ae,pcos_06,2025-07-27,mood_swings,2
34ef533f,pcos_06,2025-07-27,bloating,3
6caeb83a,pcos_06,2025-07-28,acne,3
da09e263,pcos_06,2025-07-28,hair_loss,3
9e69219f,pcos_06,2025-07-28,mood_swings,5
590a50fa,hypothyroid_01,2024-01-01,fatigue,4
8459141b,hypothyroid_01,2024-01-01,bloating,2
354e09a4,hypothyroid_01,2024-01-02,fatigue,5
1ce3ef3a,hypothyroid_01,2024-01-02,cold_intolerance,5
21de150b,hypothyroid_01,2024-01-02,bloating,5
dfd22e68,hypothyroid_01,2024-01-03,fatigue,3
c9a7225d,hypothyroid_01,2024-01-03,cold_intolerance,5
83869ec4,hypothyroid_01,2024-01-03,mood_swings,5
742a66e3,hypothyroid_01,2024-01-03,cramps,3
0c61785d,hypothyroid_01,2024-01-03,bloating,5
509962ea,hypothyroid_01,2024-01-04,fatigue,2
2866682d,hypothyroid_01,2024-01-04,mood_swings,5
96cbca65,hypothyroid_01,2024-01-04,cramps,5
adf51d9e,hypothyroid_01,2024-01-04,bloating,3
356b8cd1,hypothyroid_01,2024-01-05,cold_intolerance,5
892a1ad7,hypothyroid_01,2024-01-05,bloating,3
650c7ab1,hypothyroid_01,2024-01-06,fatigue,3
1801c85e,hypothyroid_01,2024-01-06,cold_intolerance,2
427de601,hypothyroid_01,2024-01-07,fatigue,3
369e5b9e,hypothyroid_01,2024-01-07,cold_intolerance,3
cb2411ca,hypothyroid_01,2024-01-07,mood_swings,4
5df6961c,hypothyroid_01,2024-01-08,mood_swings,4
465a9ea6,hypothyroid_01,2024-01-09,fatigue,2
ff50392b,hypothyroid_01,2024-01-09,cold_intolerance,3
b8cd2d59,hypothyroid_01,2024-01-09,cramps,4
7b315ea0,hypothyroid_01,2024-01-09,bloating,3
043407b4,hypothyroid_01,2024-02-02,fatigue,4
979e89aa,hypothyroid_01,2024-02-02,cold_intolerance,3
324d764a,hypothyroid_01,2024-02-02,cramps,4
205996f6,hypothyroid_01,2024-02-03,fatigue,3
0afe790a,hypothyroid_01,2024-02-03,mood_swings,2
f8fd0620,hypothyroid_01,2024-02-03,cramps,3
a27d5c97,hypothyroid_01,2024-02-03,bloating,4
351cee22,hypothyroid_01,2024-02-04,fatigue,4
f955a289,hypothyroid_01,2024-02-04,cramps,4
c7bcc357,hypothyroid_01,2024-02-04,bloating,3
1e8cab90,hypothyroid_01,2024-02-05,fatigue,3
16ac2cfb,hypothyroid_01,2024-02-05,mood_swings,4
45e4e955,hypothyroid_01,2024-02-05,cramps,2
4fde8b19,hypothyroid_01,2024-02-06,fatigue,4
3a445db5,hypothyroid_01,2024-02-06,cold_intolerance,5
90e0ecd0,hypothyroid_01,2024-02-07,fatigue,2
1cfa76df,hypothyroid_01,2024-02-07,cold_intolerance,5
03b1b6af,hypothyroid_01,2024-02-07,cramps,4
779f5ced,hypothyroid_01,2024-02-07,bloating,3
99a64ff2,hypothyroid_01,2024-02-08,fatigue,2
3faee7a4,hypothyroid_01,2024-02-08,bloating,2
893d2491,hypothyroid_01,2024-02-09,cold_intolerance,3
cc3d170a,hypothyroid_01,2024-02-09,mood_swings,4
9a30c90e,hypothyroid_01,2024-02-09,bloating,2
e94396b0,hypothyroid_01,2024-02-10,fatigue,4
6e6f90af,hypothyroid_01,2024-02-10,cold_intolerance,4
62dbdb62,hypothyroid_01,2024-02-10,mood_swings,4
6e2a22c7,hypothyroid_01,2024-02-10,cramps,4
516d8a4a,hypothyroid_01,2024-03-06,fatigue,3
de8a7766,hypothyroid_01,2024-03-06,mood_swings,2
be59f9f5,hypothyroid_01,2024-03-06,cramps,5
032d93ed,hypothyroid_01,2024-03-07,fatigue,2
bae5e78d,hypothyroid_01,2024-03-07,mood_swings,3
7a5d0dd7,hypothyroid_01,2024-03-08,fatigue,2
15a6bd08,hypothyroid_01,2024-03-08,cold_intolerance,4
50331a0c,hypothyroid_01,2024-03-08,mood_swings,5
055b3b92,hypothyroid_01,2024-03-09,fatigue,5
93ba809c,hypothyroid_01,2024-03-09,cold_intolerance,3
bb3bc89d,hypothyroid_01,2024-03-09,cramps,4
599a98dd,hypothyroid_01,2024-03-09,bloating,4
62c4b184,hypothyroid_01,2024-03-10,fatigue,3
4aea630e,hypothyroid_01,2024-03-11,fatigue,4
3bf45b3e,hypothyroid_01,2024-03-11,cramps,5
a233df1d,hypothyroid_01,2024-03-12,fatigue,3
e80ff2af,hypothyroid_01,2024-03-12,cold_intolerance,4
f598250a,hypothyroid_01,2024-03-13,fatigue,4
c1f57988,hypothyroid_01,2024-03-13,mood_swings,4
7614e8e5,hypothyroid_01,2024-03-13,bloating,4
fb14a2d5,hypothyroid_01,2024-03-14,fatigue,3
54567989,hypothyroid_01,2024-03-14,cold_intolerance,2
5e18287e,hypothyroid_01,2024-04-14,mood_swings,4
135e6ee0,hypothyroid_01,2024-04-14,cramps,3
d3f46d9d,hypothyroid_01,2024-04-15,cold_intolerance,3
a3459746,hypothyroid_01,2024-04-15,mood_swings,2
186aa1e4,hypothyroid_01,2024-04-16,fatigue,2
a63d5537,hypothyroid_01,2024-04-16,cold_intolerance,5
1d872e26,hypothyroid_01,2024-04-16,mood_swings,3
a7fe53b2,hypothyroid_01,2024-04-17,fatigue,2
445de00a,hypothyroid_01,2024-04-17,cold_intolerance,4
57d84a8d,hypothyroid_01,2024-04-17,bloating,5
8dba9c40,hypothyroid_01,2024-04-18,fatigue,3
2841134f,hypothyroid_01,2024-04-18,cold_intolerance,5
636cf03f,hypothyroid_01,2024-04-18,cramps,5
a8f7c9aa,hypothyroid_01,2024-04-18,bloating,2
24076c0f,hypothyroid_01,2024-04-19,fatigue,3
fd0661b2,hypothyroid_01,2024-04-19,mood_swings,2
43b0ebec,hypothyroid_01,2024-04-20,fatigue,2
bf5a92cd,hypothyroid_01,2024-04-20,mood_swings,2
b8e7cde9,hypothyroid_01,2024-04-20,cramps,3
4207088c,hypothyroid_01,2024-04-21,fatigue,4
98524bcb,hypothyroid_01,2024-04-21,cold_intolerance,2
70468744,hypothyroid_01,2024-04-21,mood_swings,2
527220f8,hypothyroid_01,2024-04-22,fatigue,5
c6c00343,hypothyroid_01,2024-04-22,cold_intolerance,5
55dc2bea,hypothyroid_01,2024-04-22,mood_swings,3
a58bcbd0,hypothyroid_01,2024-04-23,fatigue,5
732031e7,hypothyroid_01,2024-04-23,cold_intolerance,3
3960892b,hypothyroid_01,2024-04-23,cramps,4
97f0a2a1,hypothyroid_01,2024-04-23,bloating,4
e03da790,hypothyroid_01,2024-04-24,fatigue,4
fcd835a0,hypothyroid_01,2024-04-24,cold_intolerance,5
af06d4da,hypothyroid_01,2024-04-24,mood_swings,2
63f8f764,hypothyroid_01,2024-04-24,cramps,2
0aad6f40,hypothyroid_01,2024-05-15,fatigue,2
063e91e0,hypothyroid_01,2024-05-15,cold_intolerance,3
526d72e4,hypothyroid_01,2024-05-16,fatigue,5
a6252c04,hypothyroid_01,2024-05-16,cold_intolerance,3
e5768cb2,hypothyroid_01,2024-05-16,mood_swings,3
b72455a9,hypothyroid_01,2024-05-17,cramps,3
38119690,hypothyroid_01,2024-05-17,bloating,3
fae2eef6,hypothyroid_01,2024-05-18,fatigue,3
a6633be4,hypothyroid_01,2024-05-19,fatigue,4
ec01ea49,hypothyroid_01,2024-05-19,cold_intolerance,3
6fd56c32,hypothyroid_01,2024-05-19,mood_swings,3
0f8e583f,hypothyroid_01,2024-05-19,cramps,4
a34d95c7,hypothyroid_01,2024-05-20,fatigue,3
8cc01cab,hypothyroid_01,2024-05-20,cold_intolerance,4
ee0b80cf,hypothyroid_01,2024-05-20,mood_swings,2
673207a2,hypothyroid_01,2024-05-20,cramps,5
5dbc3c88,hypothyroid_01,2024-05-21,cold_intolerance,5
f49dc0df,hypothyroid_01,2024-05-21,mood_swings,2
b09d1d15,hypothyroid_01,2024-05-21,bloating,4
b6b21b96,hypothyroid_01,2024-05-22,fatigue,5
03ec9d5e,hypothyroid_01,2024-05-22,cold_intolerance,2
df956242,hypothyroid_01,2024-05-22,mood_swings,5
eb440b9d,hypothyroid_01,2024-06-15,fatigue,5
d2210146,hypothyroid_01,2024-06-15,cold_intolerance,2
d2aed13e,hypothyroid_01,2024-06-15,mood_swings,5
ae7e6a50,hypothyroid_01,2024-06-16,fatigue,3
5d57ecac,hypothyroid_01,2024-06-16,cold_intolerance,4
79b56a2c,hypothyroid_01,2024-06-16,mood_swings,3
16424b88,hypothyroid_01,2024-06-16,cramps,2
24364cd7,hypothyroid_01,2024-06-17,fatigue,2
dec77a92,hypothyroid_01,2024-06-17,cold_intolerance,4
9a8b362f,hypothyroid_01,2024-06-17,mood_swings,2
0e59bd6b,hypothyroid_01,2024-06-17,bloating,2
741fbc7f,hypothyroid_01,2024-06-18,fatigue,5
40546a0b,hypothyroid_01,2024-06-18,cold_intolerance,5
a4ba235f,hypothyroid_01,2024-06-19,fatigue,3
ef01b684,hypothyroid_01,2024-06-19,cold_intolerance,4
76e9722b,hypothyroid_01,2024-06-19,cramps,3
aa1439b6,hypothyroid_01,2024-06-20,fatigue,2
038cecb3,hypothyroid_01,2024-06-21,fatigue,2
503f6168,hypothyroid_01,2024-06-21,cold_intolerance,4
5867caac,hypothyroid_01,2024-06-21,mood_swings,5
f2d321d4,hypothyroid_01,2024-06-22,cold_intolerance,2
c9906d5e,hypothyroid_01,2024-06-22,mood_swings,4
c6bebd00,hypothyroid_01,2024-06-22,bloating,3
091c5382,hypothyroid_01,2024-06-23,cold_intolerance,2
1fb3ce96,hypothyroid_01,2024-06-23,mood_swings,3
a743ee03,hypothyroid_01,2024-06-23,bloating,4
4802ea63,hypothyroid_01,2024-06-24,fatigue,2
67628f49,hypothyroid_01,2024-06-24,cold_intolerance,5
49b2b9a8,hypothyroid_01,2024-06-24,mood_swings,3
5830a07f,hypothyroid_01,2024-06-24,cramps,3
b96ca5a3,hypothyroid_01,2024-06-25,fatigue,5
c8e5e9c4,hypothyroid_01,2024-06-25,cold_intolerance,5
b8b2d9d9,hypothyroid_01,2024-06-25,mood_swings,2
4d5f38b3,hypothyroid_01,2024-06-25,cramps,2
7d5ba56e,hypothyroid_01,2024-07-18,fatigue,5
dd33c4a8,hypothyroid_01,2024-07-18,cold_intolerance,3
22903c41,hypothyroid_01,2024-07-18,mood_swings,2
bda0bfb8,hypothyroid_01,2024-07-18,cramps,5
e3f933d8,hypothyroid_01,2024-07-19,fatigue,3
ea94c103,hypothyroid_01,2024-07-19,cold_intolerance,2
9bb306d4,hypothyroid_01,2024-07-19,mood_swings,4
cd96a5cf,hypothyroid_01,2024-07-20,fatigue,3
f5fdf9cb,hypothyroid_01,2024-07-20,cold_intolerance,3
e2f943e7,hypothyroid_01,2024-07-20,mood_swings,3
3cc6262f,hypothyroid_01,2024-07-20,cramps,4
69e9bfa9,hypothyroid_01,2024-07-20,bloating,2
76c889ef,hypothyroid_01,2024-07-21,fatigue,5
019a1031,hypothyroid_01,2024-07-21,cold_intolerance,4
0002af9b,hypothyroid_01,2024-07-21,cramps,4
a38197f9,hypothyroid_01,2024-07-21,bloating,2
46d624ca,hypothyroid_01,2024-07-22,fatigue,5
4eb47a72,hypothyroid_01,2024-07-22,cold_intolerance,3
077e4d0d,hypothyroid_01,2024-07-23,fatigue,3
ea35c966,hypothyroid_01,2024-07-23,cold_intolerance,4
f4be80cf,hypothyroid_01,2024-07-23,mood_swings,2
1d6cd823,hypothyroid_01,2024-07-24,fatigue,4
b5417879,hypothyroid_01,2024-07-24,mood_swings,5
da8066f2,hypothyroid_01,2024-07-24,bloating,2
16a2872d,hypothyroid_01,2024-07-25,fatigue,3
ecbda135,hypothyroid_01,2024-07-25,cramps,5
82341029,hypothyroid_01,2024-07-26,fatigue,3
4b4b8257,hypothyroid_01,2024-07-26,mood_swings,4
47f96ced,hypothyroid_01,2024-07-26,cramps,4
2b1167ca,hypothyroid_01,2024-07-27,fatigue,5
ff36cf36,hypothyroid_01,2024-07-27,cold_intolerance,3
edb36568,hypothyroid_01,2024-07-27,mood_swings,2
ce677b7b,hypothyroid_01,2024-07-27,cramps,2
6ecfa64f,hypothyroid_01,2024-08-21,fatigue,4
e1b9572a,hypothyroid_01,2024-08-21,cold_intolerance,5
84626f94,hypothyroid_01,2024-08-21,mood_swings,5
6371bbd1,hypothyroid_01,2024-08-21,cramps,3
1fc47379,hypothyroid_01,2024-08-22,fatigue,2
a88063c6,hypothyroid_01,2024-08-22,cold_intolerance,2
8f037ed0,hypothyroid_01,2024-08-22,mood_swings,3
1690d50f,hypothyroid_01,2024-08-22,cramps,4
16e68dc6,hypothyroid_01,2024-08-23,cold_intolerance,4
aaea7dc9,hypothyroid_01,2024-08-23,mood_swings,3
c48fb9fb,hypothyroid_01,2024-08-24,fatigue,3
5b74a2fc,hypothyroid_01,2024-08-24,cramps,2
1caafbaa,hypothyroid_01,2024-08-24,bloating,4
cfba8db1,hypothyroid_01,2024-08-25,cold_intolerance,5
6af7d5f1,hypothyroid_01,2024-08-26,fatigue,4
d422664b,hypothyroid_01,2024-08-26,cold_intolerance,4
fcf33be3,hypothyroid_01,2024-08-26,mood_swings,4
b52bd8fc,hypothyroid_01,2024-08-26,cramps,5
4b045641,hypothyroid_01,2024-08-27,cold_intolerance,2
01e0a6de,hypothyroid_01,2024-08-27,mood_swings,4
5199600e,hypothyroid_01,2024-08-27,cramps,2
2aafec1c,hypothyroid_01,2024-08-27,bloating,2
f1d8052d,hypothyroid_01,2024-08-28,fatigue,2
bb590155,hypothyroid_01,2024-08-28,cold_intolerance,2
2717a110,hypothyroid_01,2024-08-29,fatigue,5
c4c0844a,hypothyroid_01,2024-08-29,cold_intolerance,2
961eb28f,hypothyroid_01,2024-08-29,mood_swings,5
f55fbd44,hypothyroid_01,2024-08-30,fatigue,4
34214671,hypothyroid_01,2024-08-30,cold_intolerance,3
6e0d2d36,hypothyroid_01,2024-08-30,bloating,4
4db077b1,hypothyroid_01,2024-09-30,fatigue,2
f2b1dc32,hypothyroid_01,2024-09-30,cold_intolerance,2
504c5d4f,hypothyroid_01,2024-09-30,mood_swings,5
d1680fc5,hypothyroid_01,2024-09-30,bloating,2
fd02d165,hypothyroid_01,2024-10-01,fatigue,4
c022a760,hypothyroid_01,2024-10-01,cold_intolerance,4
71564468,hypothyroid_01,2024-10-01,mood_swings,3
1309b5e2,hypothyroid_01,2024-10-01,bloating,3
24b8125d,hypothyroid_01,2024-10-02,fatigue,5
84a0eee5,hypothyroid_01,2024-10-02,cold_intolerance,4
93d1b460,hypothyroid_01,2024-10-02,mood_swings,5
d325ef9a,hypothyroid_01,2024-10-03,fatigue,2
27872d06,hypothyroid_01,2024-10-03,cold_intolerance,3
0d9b71c4,hypothyroid_01,2024-10-03,cramps,5
fd9ca113,hypothyroid_01,2024-10-04,fatigue,5
49a74bc5,hypothyroid_01,2024-10-04,cold_intolerance,3
d250669b,hypothyroid_01,2024-10-04,mood_swings,2
3f79501b,hypothyroid_01,2024-10-05,fatigue,5
029d661d,hypothyroid_01,2024-10-05,cold_intolerance,2
23cde272,hypothyroid_01,2024-10-05,cramps,5
9151d0fb,hypothyroid_01,2024-10-05,bloating,4
59846147,hypothyroid_01,2024-10-06,fatigue,2
f206ae7f,hypothyroid_01,2024-10-06,cramps,5
507bfb23,hypothyroid_01,2024-10-07,fatigue,4
1281082c,hypothyroid_01,2024-10-07,cold_intolerance,4
7ec2de5a,hypothyroid_01,2024-10-08,fatigue,4
6c7431d8,hypothyroid_01,2024-10-08,cold_intolerance,4
347c54bb,hypothyroid_01,2024-10-08,mood_swings,2
49547ae0,hypothyroid_01,2024-10-08,cramps,3
d557ef21,hypothyroid_01,2024-10-08,bloating,2
5ea74432,hypothyroid_01,2024-10-09,fatigue,4
3da12def,hypothyroid_01,2024-10-09,cold_intolerance,5
f613dcd0,hypothyroid_01,2024-10-09,cramps,5
c0e70947,hypothyroid_01,2024-11-12,fatigue,2
773c6ca7,hypothyroid_01,2024-11-12,mood_swings,4
dbb09291,hypothyroid_01,2024-11-12,cramps,5
7570462d,hypothyroid_01,2024-11-13,fatigue,5
0c306c9d,hypothyroid_01,2024-11-13,cold_intolerance,2
a542acaf,hypothyroid_01,2024-11-13,mood_swings,4
50e70d36,hypothyroid_01,2024-11-13,cramps,3
76d3b8f0,hypothyroid_01,2024-11-14,fatigue,3
c6d31962,hypothyroid_01,2024-11-15,fatigue,2
278d8bee,hypothyroid_01,2024-11-15,mood_swings,2
67e17157,hypothyroid_01,2024-11-15,cramps,4
a6d17e94,hypothyroid_01,2024-11-15,bloating,5
345e1a85,hypothyroid_01,2024-11-16,fatigue,3
9f36e590,hypothyroid_01,2024-11-16,cold_intolerance,5
60d5b574,hypothyroid_01,2024-11-16,mood_swings,5
46c5fb4b,hypothyroid_01,2024-11-17,fatigue,2
34f0a7d7,hypothyroid_01,2024-11-17,cold_intolerance,3
f619b729,hypothyroid_01,2024-11-18,fatigue,4
114d6b53,hypothyroid_01,2024-11-18,cold_intolerance,2
c4d5a227,hypothyroid_01,2024-11-18,mood_swings,5
8723826b,hypothyroid_01,2024-11-19,fatigue,5
f4258414,hypothyroid_01,2024-12-20,bloating,3
a1458626,hypothyroid_01,2024-12-21,fatigue,2
c1f0b130,hypothyroid_01,2024-12-21,cold_intolerance,4
095a11d5,hypothyroid_01,2024-12-21,bloating,5
f2b04a38,hypothyroid_01,2024-12-22,cold_intolerance,2
d5080305,hypothyroid_01,2024-12-22,cramps,2
f23c7359,hypothyroid_01,2024-12-22,bloating,2
02bdda7f,hypothyroid_01,2024-12-23,fatigue,4
18dbb200,hypothyroid_01,2024-12-23,cold_intolerance,2
6999a6a5,hypothyroid_01,2024-12-23,cramps,3
6c128711,hypothyroid_01,2024-12-23,bloating,2
8414aa92,hypothyroid_01,2024-12-24,fatigue,5
92949c14,hypothyroid_01,2024-12-24,cold_intolerance,2
f9616f3d,hypothyroid_01,2024-12-25,fatigue,4
7c42c115,hypothyroid_01,2024-12-25,cramps,3
3ec7bbb6,hypothyroid_01,2024-12-26,fatigue,5
fccd7f71,hypothyroid_01,2024-12-26,cold_intolerance,2
7dd2383d,hypothyroid_01,2024-12-26,mood_swings,4
98e76bc8,hypothyroid_01,2024-12-26,cramps,2
58827363,hypothyroid_01,2024-12-26,bloating,2
abe54f50,hypothyroid_01,2024-12-27,fatigue,5
fe9a4905,hypothyroid_01,2024-12-27,cold_intolerance,5
72969939,hypothyroid_01,2024-12-27,mood_swings,3
6c2c0fb1,hypothyroid_01,2024-12-27,cramps,4
c500aef5,hypothyroid_01,2024-12-28,fatigue,3
b4a7d1e5,hypothyroid_01,2024-12-28,cold_intolerance,5
5b8bf7da,hypothyroid_01,2024-12-28,mood_swings,5
69daf23c,hypothyroid_01,2025-01-24,fatigue,2
1ea7e121,hypothyroid_01,2025-01-24,bloating,5
8d0adab2,hypothyroid_01,2025-01-25,fatigue,3
6792484f,hypothyroid_01,2025-01-25,cramps,4
7a47c5eb,hypothyroid_01,2025-01-26,fatigue,2
2ac37e09,hypothyroid_01,2025-01-26,cold_intolerance,3
b56f5675,hypothyroid_01,2025-01-26,cramps,3
2c5262ad,hypothyroid_01,2025-01-26,bloating,4
7c23677a,hypothyroid_01,2025-01-27,fatigue,3
cc7154f5,hypothyroid_01,2025-01-27,mood_swings,3
2eabdf27,hypothyroid_01,2025-01-27,cramps,3
88072dab,hypothyroid_01,2025-01-27,bloating,5
fcc1d510,hypothyroid_01,2025-01-28,fatigue,3
7f7649cb,hypothyroid_01,2025-01-28,cold_intolerance,5
12532955,hypothyroid_01,2025-01-28,mood_swings,4
e2d6f6b6,hypothyroid_01,2025-01-28,cramps,3
8cebe3ba,hypothyroid_01,2025-01-29,fatigue,5
7a3e7594,hypothyroid_01,2025-01-29,cold_intolerance,2
cac659af,hypothyroid_01,2025-01-29,mood_swings,2
425582e9,hypothyroid_01,2025-01-29,cramps,2
9869a73a,hypothyroid_01,2025-01-29,bloating,2
f2d144f6,hypothyroid_01,2025-01-30,fatigue,3
e80cef14,hypothyroid_01,2025-01-30,cold_intolerance,3
05b64d09,hypothyroid_01,2025-01-31,fatigue,3
cf64627e,hypothyroid_01,2025-01-31,cold_intolerance,5
ea23b356,hypothyroid_01,2025-01-31,cramps,3
d47c7943,hypothyroid_01,2025-01-31,bloating,4
89ce1400,hypothyroid_01,2025-02-01,fatigue,2
9c25b24a,hypothyroid_01,2025-02-01,cold_intolerance,2
44a8970c,hypothyroid_01,2025-02-01,cramps,4
e635bc3f,hypothyroid_01,2025-02-02,fatigue,4
c6b575f1,hypothyroid_01,2025-02-02,cold_intolerance,2
5a75d0a6,hypothyroid_01,2025-02-02,mood_swings,2
8327e16d,hypothyroid_01,2025-03-06,fatigue,2
a18a4fe0,hypothyroid_01,2025-03-06,cold_intolerance,5
21c92e4b,hypothyroid_01,2025-03-06,bloating,3
785de8db,hypothyroid_01,2025-03-07,fatigue,2
59d0ae8b,hypothyroid_01,2025-03-07,cold_intolerance,2
4dc445f1,hypothyroid_01,2025-03-07,cramps,3
98d03670,hypothyroid_01,2025-03-07,bloating,2
95e95dfb,hypothyroid_01,2025-03-08,fatigue,5
33f85eeb,hypothyroid_01,2025-03-08,cold_intolerance,2
9f6c37a7,hypothyroid_01,2025-03-09,cold_intolerance,4
3dd58d7a,hypothyroid_01,2025-03-10,fatigue,3
476ece2b,hypothyroid_01,2025-03-10,cold_intolerance,5
8949160a,hypothyroid_01,2025-03-10,bloating,5
45020a02,hypothyroid_01,2025-03-11,fatigue,2
7c0cee0f,hypothyroid_01,2025-03-11,cold_intolerance,4
c462bcd4,hypothyroid_01,2025-03-11,bloating,2
441e418b,hypothyroid_01,2025-03-12,fatigue,3
789d84d6,hypothyroid_01,2025-03-12,cold_intolerance,5
7291784a,hypothyroid_01,2025-03-12,cramps,5
5a8865e6,hypothyroid_01,2025-03-13,fatigue,2
36dfc2db,hypothyroid_01,2025-03-13,cold_intolerance,2
9c7c6344,hypothyroid_01,2025-03-13,mood_swings,2
ec4572cc,hypothyroid_01,2025-03-13,cramps,5
05e41c42,hypothyroid_01,2025-03-13,bloating,4
b79667f8,hypothyroid_01,2025-04-10,fatigue,4
fc7f2f1d,hypothyroid_01,2025-04-10,cold_intolerance,2
dd7db21e,hypothyroid_01,2025-04-10,mood_swings,2
a60f1f1e,hypothyroid_01,2025-04-10,cramps,4
8dd62a7d,hypothyroid_01,2025-04-11,fatigue,4
3a9fc3d5,hypothyroid_01,2025-04-11,cold_intolerance,4
817d4197,hypothyroid_01,2025-04-12,fatigue,5
798ddef1,hypothyroid_01,2025-04-12,cold_intolerance,5
a6a9fe7e,hypothyroid_01,2025-04-12,mood_swings,5
0ce6b4e0,hypothyroid_01,2025-04-12,cramps,2
180ee3db,hypothyroid_01,2025-04-13,cold_intolerance,4
c461cd14,hypothyroid_01,2025-04-13,mood_swings,5
439a2f02,hypothyroid_01,2025-04-13,cramps,2
8d4dbd84,hypothyroid_01,2025-04-14,fatigue,4
0fb80e3f,hypothyroid_01,2025-04-14,cramps,2
a55ede68,hypothyroid_01,2025-04-15,fatigue,4
fca23cd6,hypothyroid_01,2025-04-15,cold_intolerance,5
5d25b224,hypothyroid_01,2025-04-16,fatigue,5
561e9ef0,hypothyroid_01,2025-04-16,cold_intolerance,4
49c1fdad,hypothyroid_01,2025-04-16,mood_swings,5
bc331a87,hypothyroid_01,2025-04-17,fatigue,2
700622f5,hypothyroid_01,2025-04-17,cold_intolerance,5
1809d80c,hypothyroid_01,2025-04-17,mood_swings,3
7bd5acd4,hypothyroid_01,2025-04-17,cramps,3
6c67b9f1,hypothyroid_01,2025-04-17,bloating,5
3ccf3362,hypothyroid_01,2025-04-18,fatigue,5
c7f77b02,hypothyroid_01,2025-04-18,cold_intolerance,5
9d0925bf,hypothyroid_01,2025-04-18,mood_swings,3
40b28139,hypothyroid_01,2025-04-19,fatigue,2
d4167369,hypothyroid_01,2025-04-19,cold_intolerance,4
5242b783,hypothyroid_01,2025-04-19,cramps,4
67c17027,hypothyroid_01,2025-04-20,mood_swings,5
f104ac2b,hypothyroid_01,2025-04-20,bloating,2
41ae6b9c,hypothyroid_01,2025-04-21,fatigue,5
1e8fd889,hypothyroid_01,2025-04-21,cold_intolerance,5
c8a03740,hypothyroid_01,2025-04-21,cramps,2
a8e58d9f,hypothyroid_01,2025-04-21,bloating,4
d8556d16,hypothyroid_01,2025-04-22,fatigue,2
631abc91,hypothyroid_01,2025-04-22,mood_swings,3
c58335a8,hypothyroid_01,2025-05-13,fatigue,2
5e1082b5,hypothyroid_01,2025-05-13,cold_intolerance,2
44c188a8,hypothyroid_01,2025-05-13,cramps,4
e6bc5008,hypothyroid_01,2025-05-13,bloating,5
ff693787,hypothyroid_01,2025-05-14,fatigue,5
7ce99238,hypothyroid_01,2025-05-14,cold_intolerance,5
109d31ef,hypothyroid_01,2025-05-15,fatigue,3
818a8378,hypothyroid_01,2025-05-15,cold_intolerance,4
60475b2f,hypothyroid_01,2025-05-15,cramps,3
9aa0c655,hypothyroid_01,2025-05-15,bloating,3
9ac8f1bd,hypothyroid_01,2025-05-16,fatigue,4
70b7f11a,hypothyroid_01,2025-05-16,cold_intolerance,4
6b273329,hypothyroid_01,2025-05-16,mood_swings,5
65d46091,hypothyroid_01,2025-05-16,cramps,4
afaa29fd,hypothyroid_01,2025-05-16,bloating,5
697e533b,hypothyroid_01,2025-05-17,fatigue,3
067f3fd1,hypothyroid_01,2025-05-17,cramps,3
08a09ec5,hypothyroid_01,2025-05-18,fatigue,5
d27340bd,hypothyroid_01,2025-05-18,cold_intolerance,5
3270463f,hypothyroid_01,2025-05-19,fatigue,5
0703a273,hypothyroid_01,2025-05-19,mood_swings,3
43a6cc0f,hypothyroid_01,2025-05-19,cramps,4
3bdae248,hypothyroid_01,2025-05-20,fatigue,3
a32a9664,hypothyroid_01,2025-05-20,cold_intolerance,2
e3815af8,hypothyroid_01,2025-05-20,mood_swings,5
6820e850,hypothyroid_01,2025-05-21,cold_intolerance,2
2ba818b2,hypothyroid_01,2025-05-21,cramps,2
66593af5,hypothyroid_01,2025-06-09,fatigue,4
9d6b90d8,hypothyroid_01,2025-06-09,mood_swings,5
b96d073a,hypothyroid_01,2025-06-10,fatigue,3
429e1ed3,hypothyroid_01,2025-06-10,cold_intolerance,3
acdc1d89,hypothyroid_01,2025-06-10,mood_swings,3
c0152e40,hypothyroid_01,2025-06-10,bloating,2
8f8bfac2,hypothyroid_01,2025-06-11,fatigue,5
f7e25b0f,hypothyroid_01,2025-06-11,cold_intolerance,4
db7433b9,hypothyroid_01,2025-06-11,cramps,5
a78b944f,hypothyroid_01,2025-06-11,bloating,3
9b45e4ee,hypothyroid_01,2025-06-12,fatigue,4
3d90b842,hypothyroid_01,2025-06-12,cramps,5
ea92768c,hypothyroid_01,2025-06-12,bloating,3
9c89638b,hypothyroid_01,2025-06-13,fatigue,4
7136f5de,hypothyroid_01,2025-06-13,cold_intolerance,5
7a302f54,hypothyroid_01,2025-06-13,cramps,2
a6c17cb0,hypothyroid_01,2025-06-13,bloating,4
80950c0b,hypothyroid_01,2025-06-14,fatigue,2
dcaece8d,hypothyroid_01,2025-06-14,cold_intolerance,5
a191b1ee,hypothyroid_01,2025-06-14,bloating,5
b0b93c37,hypothyroid_01,2025-06-15,fatigue,5
f7ba5f05,hypothyroid_01,2025-06-16,fatigue,2
e1de79ec,hypothyroid_01,2025-06-16,cold_intolerance,4
88c05d6d,hypothyroid_01,2025-06-16,mood_swings,3
4db44aa4,hypothyroid_01,2025-06-16,bloating,5
f72830ca,hypothyroid_01,2025-06-17,fatigue,4
2b382995,hypothyroid_01,2025-06-17,cold_intolerance,2
b55dc797,hypothyroid_01,2025-06-18,fatigue,5
d4843fec,hypothyroid_01,2025-06-18,mood_swings,3
8a9cdcec,hypothyroid_01,2025-06-19,fatigue,5
560cf8df,hypothyroid_01,2025-06-19,cold_intolerance,3
add5acd9,hypothyroid_01,2025-06-19,mood_swings,2
7d110d31,hypothyroid_01,2025-06-19,cramps,2
eb5baab5,hypothyroid_01,2025-07-05,cold_intolerance,3
1a130b94,hypothyroid_01,2025-07-05,bloating,3
1ac0cf4c,hypothyroid_01,2025-07-06,fatigue,2
62766f9b,hypothyroid_01,2025-07-06,cold_intolerance,2
3c1ea08e,hypothyroid_01,2025-07-06,mood_swings,3
b89108b4,hypothyroid_01,2025-07-06,cramps,2
b17cb5be,hypothyroid_01,2025-07-06,bloating,5
a463568c,hypothyroid_01,2025-07-07,fatigue,5
6f628eb4,hypothyroid_01,2025-07-07,cold_intolerance,2
b9a80401,hypothyroid_01,2025-07-08,fatigue,5
c69f5d2b,hypothyroid_01,2025-07-08,mood_swings,2
443c60fe,hypothyroid_01,2025-07-08,bloating,5
6d5e90ab,hypothyroid_01,2025-07-09,fatigue,4
43c20e5c,hypothyroid_01,2025-07-09,cold_intolerance,3
c20b729b,hypothyroid_01,2025-07-09,cramps,4
bd878653,hypothyroid_01,2025-07-10,fatigue,2
7ad8acbf,hypothyroid_01,2025-07-10,cold_intolerance,2
4cbd4d5e,hypothyroid_01,2025-07-10,cramps,3
80d210ad,hypothyroid_01,2025-07-10,bloating,4
9447041b,hypothyroid_01,2025-07-11,fatigue,4
f8964f4c,hypothyroid_01,2025-07-11,cramps,3
ac74750a,hypothyroid_01,2025-07-12,cold_intolerance,5
0ce206b4,hypothyroid_01,2025-07-12,cramps,4
f15f15c4,hypothyroid_01,2025-07-13,cold_intolerance,5
05b9aa52,hypothyroid_01,2025-07-13,cramps,2
14a5cd24,hypothyroid_01,2025-08-04,fatigue,2
a5fc5d3a,hypothyroid_01,2025-08-04,cold_intolerance,5
5ab01ca9,hypothyroid_01,2025-08-04,cramps,2
e015fc38,hypothyroid_01,2025-08-05,fatigue,3
92fa845a,hypothyroid_01,2025-08-05,mood_swings,5
75298d60,hypothyroid_01,2025-08-05,bloating,4
ba50687a,hypothyroid_01,2025-08-06,fatigue,5
d1939206,hypothyroid_01,2025-08-06,cold_intolerance,2
16630d83,hypothyroid_01,2025-08-06,mood_swings,3
e7d988fc,hypothyroid_01,2025-08-06,cramps,3
a6ea372a,hypothyroid_01,2025-08-06,bloating,3
1e15343f,hypothyroid_01,2025-08-07,fatigue,5
91817c6c,hypothyroid_01,2025-08-07,cold_intolerance,5
dde57bb7,hypothyroid_01,2025-08-08,fatigue,2
468bc665,hypothyroid_01,2025-08-08,cold_intolerance,5
966430f8,hypothyroid_01,2025-08-08,cramps,2
781f524e,hypothyroid_01,2025-08-08,bloating,5
a96159cc,hypothyroid_01,2025-08-09,fatigue,5
f651e8fd,hypothyroid_01,2025-08-09,bloating,3
935477d5,hypothyroid_01,2025-08-10,fatigue,2
904f5c50,hypothyroid_01,2025-08-10,cold_intolerance,4
75ec594b,hypothyroid_01,2025-08-10,mood_swings,3
020aeb87,hypothyroid_01,2025-08-10,cramps,4
25fc9272,hypothyroid_01,2025-08-11,fatigue,2
63816e36,hypothyroid_01,2025-08-12,mood_swings,4
36590c53,hypothyroid_01,2025-08-12,bloating,5
9f1f39eb,hypothyroid_01,2025-08-13,fatigue,2
ada705b7,hypothyroid_01,2025-08-13,cold_intolerance,3
b3342a9d,hypothyroid_01,2025-08-13,mood_swings,5
a02ac90e,hypothyroid_01,2025-08-14,fatigue,3
599995b9,hypothyroid_01,2025-08-14,cold_intolerance,5
d4b30be9,hypothyroid_01,2025-08-14,cramps,3
40a7f66e,hypothyroid_01,2025-08-14,bloating,5
078502ae,hypothyroid_01,2025-08-15,fatigue,2
18db4d50,hypothyroid_01,2025-08-15,cold_intolerance,4
eb374430,hypothyroid_01,2025-08-15,cramps,3
fe1f2345,hypothyroid_01,2025-08-15,bloating,4
56ad3e4a,hypothyroid_02,2024-01-01,fatigue,3
9b213061,hypothyroid_02,2024-01-01,cold_intolerance,5
bf87b84b,hypothyroid_02,2024-01-02,fatigue,4
05fbcce4,hypothyroid_02,2024-01-02,cold_intolerance,2
a21b85af,hypothyroid_02,2024-01-02,mood_swings,3
a2825c4a,hypothyroid_02,2024-01-02,cramps,4
c4ef2404,hypothyroid_02,2024-01-03,fatigue,3
3c3bf6d8,hypothyroid_02,2024-01-03,mood_swings,4
3743fcb2,hypothyroid_02,2024-01-03,cramps,2
04c4047d,hypothyroid_02,2024-01-03,bloating,4
eb51dc94,hypothyroid_02,2024-01-04,cold_intolerance,2
8cd73853,hypothyroid_02,2024-01-04,mood_swings,4
244d019b,hypothyroid_02,2024-01-05,fatigue,2
c64aa83a,hypothyroid_02,2024-01-05,cramps,5
b977ec7d,hypothyroid_02,2024-01-05,bloating,2
949248ea,hypothyroid_02,2024-01-06,fatigue,3
2aca3fc0,hypothyroid_02,2024-01-06,cramps,3
b95d69d2,hypothyroid_02,2024-01-06,bloating,2
949660eb,hypothyroid_02,2024-01-07,fatigue,5
19fa39b7,hypothyroid_02,2024-01-07,cold_intolerance,2
61a8d7f0,hypothyroid_02,2024-01-07,mood_swings,5
8575da4c,hypothyroid_02,2024-01-07,cramps,2
9b3a5357,hypothyroid_02,2024-01-08,fatigue,4
caacbf57,hypothyroid_02,2024-01-08,cold_intolerance,4
597ad44b,hypothyroid_02,2024-01-08,cramps,3
1c6df459,hypothyroid_02,2024-01-09,fatigue,5
99bb9fd2,hypothyroid_02,2024-01-09,cold_intolerance,3
45767a22,hypothyroid_02,2024-01-09,cramps,3
e02d4718,hypothyroid_02,2024-01-10,fatigue,5
db1664f2,hypothyroid_02,2024-01-10,mood_swings,2
54fe6d38,hypothyroid_02,2024-01-11,fatigue,3
6f98113d,hypothyroid_02,2024-01-11,mood_swings,4
5d310e49,hypothyroid_02,2024-01-11,bloating,2
3257cfbe,hypothyroid_02,2024-01-12,fatigue,4
f6b20101,hypothyroid_02,2024-01-12,cold_intolerance,4
1677db4f,hypothyroid_02,2024-02-10,mood_swings,4
b95ac31e,hypothyroid_02,2024-02-11,fatigue,3
c9c464ed,hypothyroid_02,2024-02-11,cold_intolerance,2
2605b240,hypothyroid_02,2024-02-11,mood_swings,4
36f86569,hypothyroid_02,2024-02-12,fatigue,5
3c38fd90,hypothyroid_02,2024-02-12,cold_intolerance,3
6117e5ba,hypothyroid_02,2024-02-13,cold_intolerance,4
5064807e,hypothyroid_02,2024-02-13,cramps,3
ad10e9fa,hypothyroid_02,2024-02-13,bloating,4
87998cde,hypothyroid_02,2024-02-14,fatigue,3
6dea1d45,hypothyroid_02,2024-02-14,cold_intolerance,4
eb4db72d,hypothyroid_02,2024-02-14,mood_swings,5
166a7bba,hypothyroid_02,2024-02-15,fatigue,5
4cacb91f,hypothyroid_02,2024-02-15,cold_intolerance,4
764cb410,hypothyroid_02,2024-02-15,mood_swings,4
b07a3d68,hypothyroid_02,2024-02-15,bloating,3
bda5b380,hypothyroid_02,2024-02-16,fatigue,2
de1ed1f5,hypothyroid_02,2024-02-16,cold_intolerance,4
43144c4c,hypothyroid_02,2024-02-16,cramps,2
1db7e1c3,hypothyroid_02,2024-02-17,fatigue,2
5cadc796,hypothyroid_02,2024-02-17,cold_intolerance,2
441053ad,hypothyroid_02,2024-02-17,cramps,2
81800210,hypothyroid_02,2024-02-18,fatigue,5
99dd91e9,hypothyroid_02,2024-02-18,cold_intolerance,2
8f60c67f,hypothyroid_02,2024-02-18,mood_swings,4
5abf8312,hypothyroid_02,2024-02-19,fatigue,3
cc3aacfa,hypothyroid_02,2024-02-19,cold_intolerance,2
7d3356ac,hypothyroid_02,2024-02-19,mood_swings,4
fe11dfcc,hypothyroid_02,2024-02-19,bloating,4
a1490db3,hypothyroid_02,2024-02-20,fatigue,2
8f41eadd,hypothyroid_02,2024-02-20,cold_intolerance,2
a04bbdb9,hypothyroid_02,2024-02-20,bloating,4
7ea35465,hypothyroid_02,2024-03-11,fatigue,2
c957852c,hypothyroid_02,2024-03-11,cold_intolerance,5
aa331ff5,hypothyroid_02,2024-03-11,bloating,4
ea59ee7c,hypothyroid_02,2024-03-12,fatigue,3
959ec2f4,hypothyroid_02,2024-03-12,bloating,4
478229c3,hypothyroid_02,2024-03-13,fatigue,4
55126eff,hypothyroid_02,2024-03-13,cold_intolerance,4
7311e392,hypothyroid_02,2024-03-13,mood_swings,5
f66b663c,hypothyroid_02,2024-03-13,cramps,5
171eb4c6,hypothyroid_02,2024-03-14,fatigue,5
113a084e,hypothyroid_02,2024-03-14,cold_intolerance,2
3f3aa40c,hypothyroid_02,2024-03-15,fatigue,2
947992f8,hypothyroid_02,2024-03-15,bloating,5
996c29b4,hypothyroid_02,2024-03-16,fatigue,3
f41452ab,hypothyroid_02,2024-03-16,cramps,2
bd05d0cc,hypothyroid_02,2024-03-16,bloating,4
3c33494d,hypothyroid_02,2024-03-17,fatigue,2
6409e67a,hypothyroid_02,2024-03-17,mood_swings,4
9f838319,hypothyroid_02,2024-03-17,cramps,4
39bb2d52,hypothyroid_02,2024-03-18,cramps,3
cc67d2ef,hypothyroid_02,2024-03-19,fatigue,3
a5fcf599,hypothyroid_02,2024-03-19,cramps,2
3308fc96,hypothyroid_02,2024-03-19,bloating,2
5c4b6c9b,hypothyroid_02,2024-03-20,fatigue,5
3260afdd,hypothyroid_02,2024-03-21,fatigue,5
fd7010a2,hypothyroid_02,2024-03-21,bloating,5
ead02ee9,hypothyroid_02,2024-04-22,fatigue,3
8c6422fa,hypothyroid_02,2024-04-22,bloating,3
9b88c910,hypothyroid_02,2024-04-23,fatigue,4
5fd10873,hypothyroid_02,2024-04-23,cold_intolerance,4
b7ad8fe1,hypothyroid_02,2024-04-23,cramps,5
d2a5e311,hypothyroid_02,2024-04-24,fatigue,3
0bff4507,hypothyroid_02,2024-04-24,cold_intolerance,2
9c98e5ca,hypothyroid_02,2024-04-24,mood_swings,4
49b300ac,hypothyroid_02,2024-04-24,bloating,3
96019073,hypothyroid_02,2024-04-25,cold_intolerance,3
bd8e2c1a,hypothyroid_02,2024-04-25,cramps,2
107c2da5,hypothyroid_02,2024-04-26,fatigue,2
53cd7989,hypothyroid_02,2024-04-26,cold_intolerance,3
b6244a14,hypothyroid_02,2024-04-26,mood_swings,3
e774a97e,hypothyroid_02,2024-04-26,cramps,2
b4810d57,hypothyroid_02,2024-04-26,bloating,2
7273c6c5,hypothyroid_02,2024-04-27,fatigue,5
14ae6cb1,hypothyroid_02,2024-04-27,mood_swings,3
b2420818,hypothyroid_02,2024-04-27,cramps,5
55c1b7b4,hypothyroid_02,2024-04-28,fatigue,3
0d467dc3,hypothyroid_02,2024-04-28,mood_swings,5
903a4f89,hypothyroid_02,2024-04-28,cramps,3
7b3982f5,hypothyroid_02,2024-04-29,fatigue,2
330047a6,hypothyroid_02,2024-04-29,cold_intolerance,4
3f1e557a,hypothyroid_02,2024-04-30,fatigue,5
d09b7f57,hypothyroid_02,2024-04-30,cold_intolerance,3
b2e6c78c,hypothyroid_02,2024-04-30,mood_swings,5
a9f022b5,hypothyroid_02,2024-04-30,cramps,5
8f24f0cf,hypothyroid_02,2024-04-30,bloating,3
ee0574ff,hypothyroid_02,2024-05-01,fatigue,3
2fc32f8f,hypothyroid_02,2024-05-01,cramps,4
5d68d4e8,hypothyroid_02,2024-05-01,bloating,3
62147e6b,hypothyroid_02,2024-06-02,fatigue,2
6c4f0d2a,hypothyroid_02,2024-06-02,mood_swings,4
7832f9ea,hypothyroid_02,2024-06-02,bloating,2
08a4108a,hypothyroid_02,2024-06-03,fatigue,5
03aba5b1,hypothyroid_02,2024-06-03,mood_swings,3
96900610,hypothyroid_02,2024-06-03,cramps,2
1164a399,hypothyroid_02,2024-06-05,fatigue,5
139c3b10,hypothyroid_02,2024-06-05,cold_intolerance,4
a71cdb8b,hypothyroid_02,2024-06-05,mood_swings,2
cab1b182,hypothyroid_02,2024-06-06,fatigue,5
e5a7da7b,hypothyroid_02,2024-06-06,cold_intolerance,5
12c7c2f6,hypothyroid_02,2024-06-06,mood_swings,2
07678d62,hypothyroid_02,2024-06-06,cramps,2
acefec17,hypothyroid_02,2024-06-07,fatigue,4
2ffec37e,hypothyroid_02,2024-06-07,mood_swings,3
d0a3146e,hypothyroid_02,2024-06-07,cramps,5
4432eaac,hypothyroid_02,2024-06-08,fatigue,5
e0681501,hypothyroid_02,2024-06-08,cramps,4
3062634a,hypothyroid_02,2024-06-09,fatigue,3
61e980e2,hypothyroid_02,2024-06-09,cold_intolerance,5
5de22230,hypothyroid_02,2024-06-09,mood_swings,2
370ad262,hypothyroid_02,2024-06-09,cramps,3
c8c9b873,hypothyroid_02,2024-06-10,fatigue,3
6d7b9403,hypothyroid_02,2024-06-10,cold_intolerance,3
b14ca7df,hypothyroid_02,2024-06-10,mood_swings,2
e34e77e4,hypothyroid_02,2024-06-10,cramps,5
e3d581d9,hypothyroid_02,2024-06-11,fatigue,3
ca444a37,hypothyroid_02,2024-06-11,bloating,4
7052a348,hypothyroid_02,2024-07-13,fatigue,3
d671473b,hypothyroid_02,2024-07-13,cramps,3
7e73924a,hypothyroid_02,2024-07-14,fatigue,3
17eb9440,hypothyroid_02,2024-07-14,cold_intolerance,3
1cdc8722,hypothyroid_02,2024-07-14,mood_swings,5
67d2dafc,hypothyroid_02,2024-07-14,cramps,3
525a5586,hypothyroid_02,2024-07-15,fatigue,4
d17f7b14,hypothyroid_02,2024-07-15,mood_swings,3
2b13aec5,hypothyroid_02,2024-07-16,cold_intolerance,5
48500b2a,hypothyroid_02,2024-07-16,mood_swings,2
cfaa79f2,hypothyroid_02,2024-07-16,cramps,3
7d6b18e2,hypothyroid_02,2024-07-17,fatigue,5
d2795ba7,hypothyroid_02,2024-07-17,cold_intolerance,2
75df97a7,hypothyroid_02,2024-07-17,cramps,2
c74b5d14,hypothyroid_02,2024-07-18,fatigue,2
46ca66a0,hypothyroid_02,2024-07-18,cold_intolerance,2
cf119f73,hypothyroid_02,2024-07-18,mood_swings,5
dd4642a4,hypothyroid_02,2024-07-18,bloating,3
a5924678,hypothyroid_02,2024-07-19,fatigue,3
f62b7bc8,hypothyroid_02,2024-07-19,cold_intolerance,2
ab0fce02,hypothyroid_02,2024-07-19,mood_swings,4
77171310,hypothyroid_02,2024-07-19,cramps,5
17d9a1dd,hypothyroid_02,2024-07-19,bloating,3
68e63abd,hypothyroid_02,2024-07-20,fatigue,3
712e9e6a,hypothyroid_02,2024-07-20,mood_swings,2
2fb019c0,hypothyroid_02,2024-07-20,bloating,4
d3a6786f,hypothyroid_02,2024-08-22,cold_intolerance,2
d332579b,hypothyroid_02,2024-08-22,mood_swings,5
8865589a,hypothyroid_02,2024-08-22,bloating,5
2cbe2183,hypothyroid_02,2024-08-23,fatigue,2
2b529291,hypothyroid_02,2024-08-23,cold_intolerance,4
3ce69410,hypothyroid_02,2024-08-23,bloating,2
6e03115c,hypothyroid_02,2024-08-24,fatigue,5
78e92dd9,hypothyroid_02,2024-08-24,cold_intolerance,3
4648633e,hypothyroid_02,2024-08-24,bloating,3
a3492c01,hypothyroid_02,2024-08-25,fatigue,4
75ba0228,hypothyroid_02,2024-08-25,cold_intolerance,5
f4070452,hypothyroid_02,2024-08-25,mood_swings,3
013e682d,hypothyroid_02,2024-08-25,cramps,3
ebb22b20,hypothyroid_02,2024-08-25,bloating,5
88690326,hypothyroid_02,2024-08-26,cold_intolerance,4
54192655,hypothyroid_02,2024-08-26,cramps,5
23384209,hypothyroid_02,2024-08-27,bloating,3
67a43c2b,hypothyroid_02,2024-08-28,fatigue,2
bc11df4f,hypothyroid_02,2024-08-28,cold_intolerance,5
6e87e067,hypothyroid_02,2024-08-29,fatigue,5
99339c70,hypothyroid_02,2024-08-29,cold_intolerance,3
30580967,hypothyroid_02,2024-08-30,fatigue,5
03939777,hypothyroid_02,2024-08-30,cold_intolerance,3
67c3dc3e,hypothyroid_02,2024-08-31,fatigue,4
09c83158,hypothyroid_02,2024-08-31,cramps,4
fc07e3c2,hypothyroid_02,2024-09-01,fatigue,3
07a14d33,hypothyroid_02,2024-09-01,cold_intolerance,4
3a41f3d7,hypothyroid_02,2024-09-01,bloating,3
f001606b,hypothyroid_02,2024-09-02,fatigue,4
20b9ad18,hypothyroid_02,2024-09-02,cramps,4
70492722,hypothyroid_02,2024-10-02,fatigue,4
062cd431,hypothyroid_02,2024-10-02,cold_intolerance,5
6230403f,hypothyroid_02,2024-10-02,mood_swings,4
7a227348,hypothyroid_02,2024-10-03,cold_intolerance,3
c9aae90d,hypothyroid_02,2024-10-03,mood_swings,3
8bed885a,hypothyroid_02,2024-10-03,cramps,5
9e1bb371,hypothyroid_02,2024-10-04,fatigue,5
d0fe58d6,hypothyroid_02,2024-10-05,fatigue,3
b8df6ff9,hypothyroid_02,2024-10-05,mood_swings,3
28db3803,hypothyroid_02,2024-10-05,cramps,4
40e7a3e4,hypothyroid_02,2024-10-05,bloating,2
bd711017,hypothyroid_02,2024-10-06,fatigue,4
05501082,hypothyroid_02,2024-10-06,cold_intolerance,4
ad3582e1,hypothyroid_02,2024-10-06,mood_swings,5
85a8706e,hypothyroid_02,2024-10-06,bloating,4
cfb51c63,hypothyroid_02,2024-10-07,fatigue,5
dc9911a9,hypothyroid_02,2024-10-07,cold_intolerance,5
ef5a4baa,hypothyroid_02,2024-10-07,mood_swings,3
396f9672,hypothyroid_02,2024-10-07,cramps,4
24d480fc,hypothyroid_02,2024-10-07,bloating,4
0104ebed,hypothyroid_02,2024-10-08,fatigue,2
a393640f,hypothyroid_02,2024-10-08,cold_intolerance,5
3bce5f8b,hypothyroid_02,2024-10-08,mood_swings,4
6e8eb299,hypothyroid_02,2024-10-08,cramps,4
1ba02046,hypothyroid_02,2024-10-09,fatigue,3
d71a38ca,hypothyroid_02,2024-10-09,mood_swings,5
2a1cc894,hypothyroid_02,2024-10-09,bloating,4
640dfe0a,hypothyroid_02,2024-10-10,cold_intolerance,2
7c917bae,hypothyroid_02,2024-10-10,mood_swings,5
d9d45ff2,hypothyroid_02,2024-10-10,cramps,5
b0e45fc3,hypothyroid_02,2024-10-10,bloating,2
9062b8eb,hypothyroid_02,2024-10-11,fatigue,2
48f37f30,hypothyroid_02,2024-10-11,cold_intolerance,4
9527a342,hypothyroid_02,2024-10-11,cramps,2
2cb57112,hypothyroid_02,2024-10-11,bloating,5
5d3d584c,hypothyroid_02,2024-10-30,fatigue,3
25e711c6,hypothyroid_02,2024-10-30,cold_intolerance,4
b50bbe54,hypothyroid_02,2024-10-30,cramps,5
bdd87d97,hypothyroid_02,2024-10-30,bloating,5
648aebbd,hypothyroid_02,2024-10-31,fatigue,5
6f35214a,hypothyroid_02,2024-10-31,cold_intolerance,3
0038b5f7,hypothyroid_02,2024-11-01,fatigue,5
0f17b36a,hypothyroid_02,2024-11-01,bloating,5
48482a0e,hypothyroid_02,2024-11-02,fatigue,3
5faef0eb,hypothyroid_02,2024-11-02,cold_intolerance,5
90111b15,hypothyroid_02,2024-11-02,cramps,3
8878d72c,hypothyroid_02,2024-11-03,fatigue,2
9b7af4c9,hypothyroid_02,2024-11-03,cold_intolerance,2
5f194898,hypothyroid_02,2024-11-03,bloating,3
7c88914e,hypothyroid_02,2024-11-04,fatigue,2
e5027f22,hypothyroid_02,2024-11-04,cold_intolerance,4
84313ac8,hypothyroid_02,2024-11-04,mood_swings,2
1a7a72f7,hypothyroid_02,2024-11-04,cramps,3
ec6d9539,hypothyroid_02,2024-11-05,fatigue,3
9af73dc7,hypothyroid_02,2024-11-05,cold_intolerance,3
bed74a38,hypothyroid_02,2024-11-05,mood_swings,3
3c972aa7,hypothyroid_02,2024-11-05,cramps,2
c1bec7ed,hypothyroid_02,2024-11-06,fatigue,2
4ee7417b,hypothyroid_02,2024-11-06,mood_swings,5
36eeb06c,hypothyroid_02,2024-11-07,fatigue,3
26e2e4e5,hypothyroid_02,2024-11-07,mood_swings,3
90c69c64,hypothyroid_02,2024-11-07,cramps,4
ae42c49b,hypothyroid_02,2024-11-07,bloating,3
f731a239,hypothyroid_02,2024-11-08,fatigue,5
1cb46f63,hypothyroid_02,2024-11-08,cold_intolerance,2
161e906d,hypothyroid_02,2024-11-08,cramps,5
da9738d3,hypothyroid_02,2024-11-09,fatigue,4
1727d5a6,hypothyroid_02,2024-11-09,mood_swings,3
442ee4a1,hypothyroid_02,2024-11-09,bloating,3
530b28e9,hypothyroid_02,2024-11-10,fatigue,5
5a33c2bb,hypothyroid_02,2024-11-10,cold_intolerance,3
10238ccc,hypothyroid_02,2024-11-10,bloating,4
d29267f3,hypothyroid_02,2024-11-11,fatigue,5
a84b7d45,hypothyroid_02,2024-11-11,cold_intolerance,3
565f438e,hypothyroid_02,2024-11-11,cramps,3
0150b8ad,hypothyroid_02,2024-12-10,fatigue,5
619f31d9,hypothyroid_02,2024-12-10,cold_intolerance,2
6006a5b5,hypothyroid_02,2024-12-10,cramps,3
992d493c,hypothyroid_02,2024-12-10,bloating,5
dc256a70,hypothyroid_02,2024-12-11,fatigue,2
e61114e5,hypothyroid_02,2024-12-11,bloating,2
00ea51d3,hypothyroid_02,2024-12-12,fatigue,5
150f20a9,hypothyroid_02,2024-12-12,cold_intolerance,5
27c28da9,hypothyroid_02,2024-12-12,mood_swings,3
86febad8,hypothyroid_02,2024-12-13,fatigue,3
fc52393d,hypothyroid_02,2024-12-13,cramps,5
0766683b,hypothyroid_02,2024-12-14,fatigue,4
f6dc8387,hypothyroid_02,2024-12-14,mood_swings,4
617d8ea2,hypothyroid_02,2024-12-14,cramps,4
6df8c07b,hypothyroid_02,2024-12-14,bloating,3
5ffdf865,hypothyroid_02,2024-12-15,bloating,3
45cfa364,hypothyroid_02,2024-12-16,cold_intolerance,2
2dab00ca,hypothyroid_02,2024-12-16,cramps,3
97f2eed4,hypothyroid_02,2024-12-16,bloating,3
a410a634,hypothyroid_02,2024-12-17,fatigue,3
53ce54b1,hypothyroid_02,2024-12-17,cold_intolerance,4
061f999a,hypothyroid_02,2024-12-17,mood_swings,5
4900b1b0,hypothyroid_02,2024-12-17,cramps,4
bbf293a3,hypothyroid_02,2024-12-17,bloating,2
374c8a70,hypothyroid_02,2024-12-18,cold_intolerance,5
3f7c679c,hypothyroid_02,2024-12-18,cramps,2
1fde01b2,hypothyroid_02,2024-12-19,fatigue,5
2f0888d9,hypothyroid_02,2024-12-19,cold_intolerance,3
c8712ed0,hypothyroid_02,2024-12-19,mood_swings,4
2e6eba9d,hypothyroid_02,2024-12-19,cramps,4
cfb2ba8a,hypothyroid_02,2024-12-20,fatigue,4
1419c151,hypothyroid_02,2024-12-20,cold_intolerance,2
ee7094ee,hypothyroid_02,2024-12-20,mood_swings,5
5754f6ac,hypothyroid_02,2024-12-20,cramps,2
28ef12ad,hypothyroid_02,2025-01-13,fatigue,5
ace17e2b,hypothyroid_02,2025-01-13,cold_intolerance,4
2113cec7,hypothyroid_02,2025-01-13,cramps,4
69b28921,hypothyroid_02,2025-01-13,bloating,2
37545565,hypothyroid_02,2025-01-14,fatigue,2
14522271,hypothyroid_02,2025-01-14,cold_intolerance,5
4eb82ff0,hypothyroid_02,2025-01-14,cramps,2
9fd2dbd8,hypothyroid_02,2025-01-15,cold_intolerance,5
7c2c16e6,hypothyroid_02,2025-01-15,mood_swings,2
14f9f698,hypothyroid_02,2025-01-15,bloating,3
7f541478,hypothyroid_02,2025-01-16,fatigue,5
588fefa5,hypothyroid_02,2025-01-16,cold_intolerance,4
5857c175,hypothyroid_02,2025-01-16,cramps,2
28e4da52,hypothyroid_02,2025-01-17,fatigue,3
8aa0a679,hypothyroid_02,2025-01-17,cold_intolerance,3
638c4abf,hypothyroid_02,2025-01-17,cramps,5
a4fd5cf5,hypothyroid_02,2025-01-17,bloating,2
9c6b9186,hypothyroid_02,2025-01-18,fatigue,2
8c44ad34,hypothyroid_02,2025-01-19,cold_intolerance,5
3269fccb,hypothyroid_02,2025-01-19,mood_swings,5
b86dba10,hypothyroid_02,2025-01-19,cramps,3
6573a039,hypothyroid_02,2025-01-20,cold_intolerance,3
dc26dc8e,hypothyroid_02,2025-01-20,mood_swings,5
4894fa13,hypothyroid_02,2025-01-20,bloating,4
844cddf3,hypothyroid_02,2025-02-15,fatigue,5
b839e401,hypothyroid_02,2025-02-15,cold_intolerance,5
5922860d,hypothyroid_02,2025-02-15,mood_swings,3
0babe2ec,hypothyroid_02,2025-02-16,cold_intolerance,4
af6675bd,hypothyroid_02,2025-02-16,mood_swings,2
fe7f40aa,hypothyroid_02,2025-02-16,bloating,4
d5f9c4ad,hypothyroid_02,2025-02-17,fatigue,4
abef2537,hypothyroid_02,2025-02-17,cold_intolerance,2
a5792e1c,hypothyroid_02,2025-02-17,mood_swings,3
b2d7ab1e,hypothyroid_02,2025-02-17,cramps,2
ca08c212,hypothyroid_02,2025-02-17,bloating,2
500421c7,hypothyroid_02,2025-02-18,fatigue,5
5edf35c2,hypothyroid_02,2025-02-18,mood_swings,4
a05a1dd1,hypothyroid_02,2025-02-19,cold_intolerance,2
b9e74c60,hypothyroid_02,2025-02-19,mood_swings,5
4d525626,hypothyroid_02,2025-02-20,fatigue,5
6f523674,hypothyroid_02,2025-02-20,cold_intolerance,4
a811201d,hypothyroid_02,2025-02-21,cold_intolerance,3
83f6eb34,hypothyroid_02,2025-02-21,mood_swings,4
bf2607d3,hypothyroid_02,2025-02-21,cramps,2
3dd189ae,hypothyroid_02,2025-02-21,bloating,4
c0a5802d,hypothyroid_02,2025-02-22,fatigue,5
f80c628c,hypothyroid_02,2025-02-22,cold_intolerance,4
56e8c36d,hypothyroid_02,2025-02-22,cramps,2
abd0bf58,hypothyroid_02,2025-02-23,fatigue,4
0755c5ff,hypothyroid_02,2025-02-23,cold_intolerance,3
cc58f8ce,hypothyroid_02,2025-02-23,cramps,2
27fc4fa7,hypothyroid_02,2025-03-21,fatigue,5
c49c97f8,hypothyroid_02,2025-03-21,cold_intolerance,3
a5f46032,hypothyroid_02,2025-03-21,mood_swings,4
308e7422,hypothyroid_02,2025-03-22,fatigue,4
e983c834,hypothyroid_02,2025-03-22,cold_intolerance,3
15412134,hypothyroid_02,2025-03-22,mood_swings,3
5147ec6e,hypothyroid_02,2025-03-22,cramps,3
5d8b930a,hypothyroid_02,2025-03-23,cold_intolerance,4
32a2fada,hypothyroid_02,2025-03-23,cramps,4
7e86d9cd,hypothyroid_02,2025-03-24,fatigue,4
660403fa,hypothyroid_02,2025-03-25,fatigue,3
09f0125c,hypothyroid_02,2025-03-25,cold_intolerance,4
4aa18e11,hypothyroid_02,2025-03-25,bloating,2
a73fa745,hypothyroid_02,2025-03-26,fatigue,3
4eba74b1,hypothyroid_02,2025-03-26,mood_swings,4
e24b8e39,hypothyroid_02,2025-03-26,cramps,5
cb0e5074,hypothyroid_02,2025-03-26,bloating,4
c2dadcda,hypothyroid_02,2025-03-27,cold_intolerance,3
3e411351,hypothyroid_02,2025-03-27,mood_swings,2
5fa985dc,hypothyroid_02,2025-03-28,fatigue,5
53cf61ee,hypothyroid_02,2025-03-28,mood_swings,4
50c51768,hypothyroid_02,2025-03-28,cramps,3
162fe16c,hypothyroid_02,2025-03-28,bloating,2
c5526b48,hypothyroid_02,2025-03-29,mood_swings,2
6d8fc147,hypothyroid_02,2025-03-29,bloating,5
872003c8,hypothyroid_02,2025-04-22,fatigue,4
ed8d5b5f,hypothyroid_02,2025-04-22,cold_intolerance,5
b76a25f1,hypothyroid_02,2025-04-22,mood_swings,5
357d5206,hypothyroid_02,2025-04-22,bloating,3
57e30629,hypothyroid_02,2025-04-23,fatigue,2
7393e95e,hypothyroid_02,2025-04-23,cold_intolerance,4
c6e1e6d4,hypothyroid_02,2025-04-23,bloating,2
9669bb14,hypothyroid_02,2025-04-24,fatigue,3
8d3e3e15,hypothyroid_02,2025-04-24,cold_intolerance,2
ec589e5b,hypothyroid_02,2025-04-24,mood_swings,4
c23dbb05,hypothyroid_02,2025-04-24,cramps,2
fdff3270,hypothyroid_02,2025-04-24,bloating,5
76072818,hypothyroid_02,2025-04-25,fatigue,5
2c76cba7,hypothyroid_02,2025-04-25,bloating,4
a348bda0,hypothyroid_02,2025-04-26,fatigue,5
276736c0,hypothyroid_02,2025-04-26,cramps,2
de66fe24,hypothyroid_02,2025-04-27,fatigue,2
0b06d470,hypothyroid_02,2025-04-27,cold_intolerance,4
d828379b,hypothyroid_02,2025-04-27,cramps,4
9ad73a16,hypothyroid_02,2025-04-27,bloating,3
bd2b8d21,hypothyroid_02,2025-04-28,fatigue,3
d1be4ec9,hypothyroid_02,2025-04-28,cramps,3
bb40e72e,hypothyroid_02,2025-04-28,bloating,3
17c28612,hypothyroid_02,2025-04-29,fatigue,5
0077c7df,hypothyroid_02,2025-04-29,cold_intolerance,3
06dff118,hypothyroid_02,2025-04-29,mood_swings,3
9d709a86,hypothyroid_02,2025-04-29,cramps,5
92ca557c,hypothyroid_02,2025-04-29,bloating,4
8376a4e6,hypothyroid_02,2025-04-30,fatigue,2
24f3d360,hypothyroid_02,2025-04-30,cold_intolerance,3
9aecfa86,hypothyroid_02,2025-05-18,fatigue,2
bed65a98,hypothyroid_02,2025-05-18,cold_intolerance,4
449db895,hypothyroid_02,2025-05-19,fatigue,2
58e4ff71,hypothyroid_02,2025-05-19,cold_intolerance,2
9b8ae3a3,hypothyroid_02,2025-05-20,fatigue,5
6cbf8448,hypothyroid_02,2025-05-20,cold_intolerance,2
d55e30d2,hypothyroid_02,2025-05-20,mood_swings,4
d7e161f7,hypothyroid_02,2025-05-20,cramps,3
def41fda,hypothyroid_02,2025-05-21,fatigue,4
7b8e40e0,hypothyroid_02,2025-05-21,mood_swings,4
d5fac750,hypothyroid_02,2025-05-21,cramps,4
bb59a42a,hypothyroid_02,2025-05-21,bloating,4
3af2b96e,hypothyroid_02,2025-05-22,fatigue,3
417453f0,hypothyroid_02,2025-05-22,cold_intolerance,3
4cc6cd87,hypothyroid_02,2025-05-22,cramps,3
cc17b935,hypothyroid_02,2025-05-22,bloating,2
8a792369,hypothyroid_02,2025-05-23,fatigue,5
1bf22a68,hypothyroid_02,2025-05-23,cold_intolerance,2
254255ec,hypothyroid_02,2025-05-23,mood_swings,2
e3f53801,hypothyroid_02,2025-05-23,cramps,3
5827db35,hypothyroid_02,2025-05-23,bloating,5
f4b5e1ba,hypothyroid_02,2025-05-24,fatigue,2
f26da277,hypothyroid_02,2025-05-24,mood_swings,5
4c3412d0,hypothyroid_02,2025-05-24,bloating,2
b3b9fe5d,hypothyroid_02,2025-05-25,fatigue,5
2e3d1ad0,hypothyroid_02,2025-05-25,cold_intolerance,5
752c426a,hypothyroid_02,2025-05-25,cramps,4
6ffccad0,hypothyroid_02,2025-05-25,bloating,2
2fddc4a1,hypothyroid_02,2025-05-26,fatigue,4
4ed95669,hypothyroid_02,2025-05-26,cold_intolerance,2
853c34a4,hypothyroid_02,2025-05-26,cramps,3
2ae6ba30,hypothyroid_02,2025-05-27,fatigue,4
6ad21209,hypothyroid_02,2025-05-27,mood_swings,2
15554ea2,hypothyroid_02,2025-05-27,cramps,3
f4ce9c5e,hypothyroid_02,2025-05-27,bloating,4
060cf9f0,hypothyroid_02,2025-06-28,fatigue,2
3a13b6db,hypothyroid_02,2025-06-28,cold_intolerance,3
b6eba4c1,hypothyroid_02,2025-06-28,bloating,2
53f244b0,hypothyroid_02,2025-06-29,cold_intolerance,5
3e3b282b,hypothyroid_02,2025-06-29,cramps,5
874b4b7b,hypothyroid_02,2025-06-30,mood_swings,5
5c7344e8,hypothyroid_02,2025-06-30,cramps,4
9f4362d7,hypothyroid_02,2025-07-01,fatigue,3
96f8872a,hypothyroid_02,2025-07-01,mood_swings,4
15534097,hypothyroid_02,2025-07-01,bloating,5
7e1c4420,hypothyroid_02,2025-07-02,fatigue,5
d4fd8d57,hypothyroid_02,2025-07-02,cold_intolerance,4
20de32d6,hypothyroid_02,2025-07-02,bloating,4
ff79fbea,hypothyroid_02,2025-07-03,fatigue,4
6a4a89e5,hypothyroid_02,2025-07-03,cold_intolerance,4
d50a41ac,hypothyroid_02,2025-07-04,fatigue,3
1b4cb4b8,hypothyroid_02,2025-07-04,cold_intolerance,3
47e1751d,hypothyroid_02,2025-07-04,mood_swings,2
b4068ca5,hypothyroid_02,2025-07-04,bloating,2
9db58c6d,hypothyroid_02,2025-08-05,fatigue,4
71aead0a,hypothyroid_02,2025-08-06,fatigue,2
6910aae8,hypothyroid_02,2025-08-06,cold_intolerance,2
2f4ef417,hypothyroid_02,2025-08-06,cramps,2
52b2d1d3,hypothyroid_02,2025-08-07,cold_intolerance,4
a384f6a8,hypothyroid_02,2025-08-07,mood_swings,4
298ab4ca,hypothyroid_02,2025-08-07,bloating,4
e5a5fad3,hypothyroid_02,2025-08-08,fatigue,2
c158cdbd,hypothyroid_02,2025-08-08,cold_intolerance,3
31a0560a,hypothyroid_02,2025-08-08,mood_swings,5
13a56f81,hypothyroid_02,2025-08-09,fatigue,5
77e87bf8,hypothyroid_02,2025-08-09,cold_intolerance,2
8fcbda80,hypothyroid_02,2025-08-09,mood_swings,4
d56cc895,hypothyroid_02,2025-08-09,cramps,2
b0c8258c,hypothyroid_02,2025-08-09,bloating,5
3e4b6716,hypothyroid_02,2025-08-10,fatigue,4
722ee740,hypothyroid_02,2025-08-10,cold_intolerance,5
0aa831c5,hypothyroid_02,2025-08-10,cramps,3
e97ea977,hypothyroid_02,2025-08-11,fatigue,3
bdab2b82,hypothyroid_02,2025-08-11,cold_intolerance,4
8c2d5c1f,hypothyroid_02,2025-08-11,mood_swings,5
6c20d181,hypothyroid_03,2024-01-01,fatigue,4
c92ffe20,hypothyroid_03,2024-01-01,cold_intolerance,4
a5a95af8,hypothyroid_03,2024-01-01,mood_swings,5
7e0b1e6e,hypothyroid_03,2024-01-01,cramps,3
fc71efa3,hypothyroid_03,2024-01-01,bloating,4
6410a632,hypothyroid_03,2024-01-02,fatigue,2
c1624ec7,hypothyroid_03,2024-01-02,cold_intolerance,5
6e52a5d6,hypothyroid_03,2024-01-02,mood_swings,2
5dd1e44c,hypothyroid_03,2024-01-02,cramps,3
73225af9,hypothyroid_03,2024-01-02,bloating,4
d948d607,hypothyroid_03,2024-01-03,fatigue,3
930c44e2,hypothyroid_03,2024-01-03,cold_intolerance,4
27071dcb,hypothyroid_03,2024-01-03,mood_swings,4
52f4d5d1,hypothyroid_03,2024-01-04,fatigue,3
7db3fcdf,hypothyroid_03,2024-01-04,cold_intolerance,4
0d423987,hypothyroid_03,2024-01-04,mood_swings,5
84f2f853,hypothyroid_03,2024-01-04,cramps,3
5b0edbe4,hypothyroid_03,2024-01-05,fatigue,3
1c785816,hypothyroid_03,2024-01-05,cold_intolerance,3
c92e02d1,hypothyroid_03,2024-01-06,cold_intolerance,5
275036c4,hypothyroid_03,2024-01-06,mood_swings,4
750a4793,hypothyroid_03,2024-01-06,bloating,4
e9cc9713,hypothyroid_03,2024-01-07,fatigue,3
9f525a6e,hypothyroid_03,2024-01-07,mood_swings,2
0c40aa11,hypothyroid_03,2024-01-07,cramps,3
a72ca184,hypothyroid_03,2024-01-08,fatigue,2
002e4e4f,hypothyroid_03,2024-01-08,cold_intolerance,3
c3dac220,hypothyroid_03,2024-01-08,mood_swings,3
a249bee5,hypothyroid_03,2024-01-08,bloating,4
e8857de9,hypothyroid_03,2024-01-27,fatigue,5
1cb77caa,hypothyroid_03,2024-01-27,cold_intolerance,5
f91fcc5f,hypothyroid_03,2024-01-27,cramps,2
47890171,hypothyroid_03,2024-01-27,bloating,2
b13cf6b9,hypothyroid_03,2024-01-28,fatigue,4
5486323e,hypothyroid_03,2024-01-28,cold_intolerance,2
06750d29,hypothyroid_03,2024-01-28,mood_swings,4
aad1a5f9,hypothyroid_03,2024-01-29,fatigue,2
76065cf0,hypothyroid_03,2024-01-29,mood_swings,5
209cf4a0,hypothyroid_03,2024-01-29,cramps,5
9b1bb959,hypothyroid_03,2024-01-29,bloating,4
f57ac7f8,hypothyroid_03,2024-01-30,fatigue,5
bc26511e,hypothyroid_03,2024-01-30,cold_intolerance,4
76005488,hypothyroid_03,2024-01-30,cramps,4
28334f42,hypothyroid_03,2024-01-31,fatigue,5
ab307c96,hypothyroid_03,2024-01-31,mood_swings,3
a1636852,hypothyroid_03,2024-01-31,cramps,3
6f5f244f,hypothyroid_03,2024-02-01,fatigue,3
6f048884,hypothyroid_03,2024-02-01,cold_intolerance,3
4dd34fb7,hypothyroid_03,2024-02-01,mood_swings,4
daded5cb,hypothyroid_03,2024-02-01,bloating,3
af21e45d,hypothyroid_03,2024-02-02,fatigue,3
076ad013,hypothyroid_03,2024-02-02,mood_swings,5
e54c20e5,hypothyroid_03,2024-02-03,fatigue,2
edbd7fe4,hypothyroid_03,2024-02-03,cold_intolerance,5
0aad19bd,hypothyroid_03,2024-02-03,mood_swings,5
2c849a67,hypothyroid_03,2024-02-04,fatigue,2
cb47701e,hypothyroid_03,2024-02-04,cold_intolerance,3
591ca880,hypothyroid_03,2024-02-04,mood_swings,2
246a8295,hypothyroid_03,2024-02-04,cramps,5
10bbc69c,hypothyroid_03,2024-02-05,fatigue,3
6b07b095,hypothyroid_03,2024-02-05,mood_swings,4
acb72576,hypothyroid_03,2024-02-06,fatigue,3
ae0c2f4d,hypothyroid_03,2024-02-06,cold_intolerance,3
6e1d40fe,hypothyroid_03,2024-02-06,cramps,2
ad55d587,hypothyroid_03,2024-02-06,bloating,3
e1b8e2f6,hypothyroid_03,2024-02-23,cold_intolerance,2
962fb2e2,hypothyroid_03,2024-02-23,bloating,5
7ea3e387,hypothyroid_03,2024-02-24,fatigue,3
c2c4d36d,hypothyroid_03,2024-02-24,cold_intolerance,2
30ec0246,hypothyroid_03,2024-02-24,mood_swings,5
c9fc3ea2,hypothyroid_03,2024-02-25,fatigue,5
14448180,hypothyroid_03,2024-02-25,cramps,3
911f7813,hypothyroid_03,2024-02-26,fatigue,5
f317f807,hypothyroid_03,2024-02-26,cold_intolerance,3
de26da96,hypothyroid_03,2024-02-26,mood_swings,5
cab1ad41,hypothyroid_03,2024-02-26,cramps,2
137d3b07,hypothyroid_03,2024-02-27,fatigue,5
838ac717,hypothyroid_03,2024-02-27,cold_intolerance,5
a50a5c27,hypothyroid_03,2024-02-27,mood_swings,5
6ecbe48f,hypothyroid_03,2024-02-28,fatigue,2
3c140cc2,hypothyroid_03,2024-02-28,cold_intolerance,3
cbda154d,hypothyroid_03,2024-02-28,mood_swings,3
535b9489,hypothyroid_03,2024-02-28,bloating,3
3f32da21,hypothyroid_03,2024-02-29,fatigue,3
69b204e9,hypothyroid_03,2024-02-29,cold_intolerance,2
523c4349,hypothyroid_03,2024-02-29,cramps,2
921a49a1,hypothyroid_03,2024-03-01,cold_intolerance,2
5a30b69f,hypothyroid_03,2024-03-01,cramps,4
546f4b82,hypothyroid_03,2024-03-02,fatigue,2
3dcf568c,hypothyroid_03,2024-03-02,cramps,2
7c237c97,hypothyroid_03,2024-03-03,fatigue,5
80cdbd83,hypothyroid_03,2024-03-03,mood_swings,2
e2592963,hypothyroid_03,2024-03-03,cramps,5
904a2d4e,hypothyroid_03,2024-04-03,fatigue,4
09a57a4c,hypothyroid_03,2024-04-03,cold_intolerance,3
4a422cff,hypothyroid_03,2024-04-03,cramps,3
4d335193,hypothyroid_03,2024-04-04,fatigue,5
8a6e36e4,hypothyroid_03,2024-04-04,cold_intolerance,3
149df174,hypothyroid_03,2024-04-04,cramps,2
218144be,hypothyroid_03,2024-04-04,bloating,5
ad76c79e,hypothyroid_03,2024-04-05,fatigue,3
f87b7a75,hypothyroid_03,2024-04-05,cold_intolerance,3
266aeb3d,hypothyroid_03,2024-04-06,fatigue,5
2edaf220,hypothyroid_03,2024-04-07,fatigue,5
e55dca71,hypothyroid_03,2024-04-07,cold_intolerance,5
1dda91d8,hypothyroid_03,2024-04-07,mood_swings,4
269b7dc8,hypothyroid_03,2024-04-07,cramps,5
3a131737,hypothyroid_03,2024-04-08,fatigue,2
d2e4761e,hypothyroid_03,2024-04-08,cold_intolerance,5
93788657,hypothyroid_03,2024-04-08,mood_swings,5
e7d48972,hypothyroid_03,2024-04-08,cramps,4
561c4a81,hypothyroid_03,2024-04-09,cold_intolerance,4
8ffa03f9,hypothyroid_03,2024-04-09,mood_swings,3
5a40496d,hypothyroid_03,2024-04-10,fatigue,2
072094df,hypothyroid_03,2024-04-10,cold_intolerance,3
ade3d4bb,hypothyroid_03,2024-04-10,mood_swings,5
4e4b4f47,hypothyroid_03,2024-04-11,fatigue,2
43876d2f,hypothyroid_03,2024-04-11,mood_swings,2
9754be97,hypothyroid_03,2024-04-11,cramps,4
27db07c8,hypothyroid_03,2024-04-11,bloating,3
e958b9f8,hypothyroid_03,2024-05-07,cold_intolerance,2
89133199,hypothyroid_03,2024-05-07,mood_swings,3
0da159de,hypothyroid_03,2024-05-07,bloating,5
2078a19f,hypothyroid_03,2024-05-08,fatigue,2
b14d223f,hypothyroid_03,2024-05-08,cold_intolerance,3
6bfec348,hypothyroid_03,2024-05-08,mood_swings,4
793bf5d6,hypothyroid_03,2024-05-08,cramps,2
36ab4a34,hypothyroid_03,2024-05-09,fatigue,3
471a450c,hypothyroid_03,2024-05-09,cramps,4
e2d23d41,hypothyroid_03,2024-05-10,fatigue,3
6a800250,hypothyroid_03,2024-05-10,cold_intolerance,5
334c6cc0,hypothyroid_03,2024-05-10,mood_swings,2
ef9de643,hypothyroid_03,2024-05-11,cold_intolerance,5
afa07880,hypothyroid_03,2024-05-11,bloating,3
1bf13350,hypothyroid_03,2024-05-12,fatigue,4
7319c11f,hypothyroid_03,2024-05-12,cramps,4
b8a57eee,hypothyroid_03,2024-05-13,fatigue,4
4679d0df,hypothyroid_03,2024-05-13,cold_intolerance,2
3d0eee36,hypothyroid_03,2024-05-13,bloating,5
bf634749,hypothyroid_03,2024-05-14,cold_intolerance,4
4f4bb6ef,hypothyroid_03,2024-05-14,mood_swings,2
f10f5864,hypothyroid_03,2024-05-15,fatigue,2
9a8facd1,hypothyroid_03,2024-05-15,cold_intolerance,5
3b32f823,hypothyroid_03,2024-05-15,mood_swings,2
38207e05,hypothyroid_03,2024-05-15,cramps,3
bd62e733,hypothyroid_03,2024-05-16,cold_intolerance,3
08b97eae,hypothyroid_03,2024-05-16,mood_swings,4
bacfa80a,hypothyroid_03,2024-05-16,cramps,4
d6dc4a12,hypothyroid_03,2024-05-16,bloating,2
05978c7e,hypothyroid_03,2024-06-10,fatigue,5
bc541afb,hypothyroid_03,2024-06-10,cold_intolerance,5
030dd604,hypothyroid_03,2024-06-10,cramps,4
c4a18ca1,hypothyroid_03,2024-06-11,fatigue,3
cb0f6d14,hypothyroid_03,2024-06-11,cold_intolerance,4
59f74922,hypothyroid_03,2024-06-11,cramps,5
aebd719e,hypothyroid_03,2024-06-11,bloating,5
18c51a29,hypothyroid_03,2024-06-12,fatigue,3
13520b80,hypothyroid_03,2024-06-12,mood_swings,2
55c78410,hypothyroid_03,2024-06-12,cramps,3
5aabfe1f,hypothyroid_03,2024-06-13,fatigue,4
2ceb596d,hypothyroid_03,2024-06-13,cold_intolerance,2
dbac6953,hypothyroid_03,2024-06-13,mood_swings,4
0df5e953,hypothyroid_03,2024-06-13,cramps,5
c85b6d59,hypothyroid_03,2024-06-13,bloating,4
4a0ebf18,hypothyroid_03,2024-06-14,fatigue,4
8ce4baed,hypothyroid_03,2024-06-14,cold_intolerance,3
72388eab,hypothyroid_03,2024-06-14,cramps,2
4687dbcc,hypothyroid_03,2024-06-15,fatigue,3
34a33054,hypothyroid_03,2024-06-15,cold_intolerance,5
325b490c,hypothyroid_03,2024-06-15,bloating,4
f26b8647,hypothyroid_03,2024-06-16,fatigue,3
42d0c65a,hypothyroid_03,2024-06-16,bloating,3
e9ff87f0,hypothyroid_03,2024-06-17,fatigue,3
3deb9c7e,hypothyroid_03,2024-06-17,cramps,5
2127fae2,hypothyroid_03,2024-06-17,bloating,3
f3ec36bd,hypothyroid_03,2024-06-18,fatigue,5
25b1b5f6,hypothyroid_03,2024-06-18,cold_intolerance,5
6645838b,hypothyroid_03,2024-07-13,fatigue,4
0498211a,hypothyroid_03,2024-07-13,cold_intolerance,3
37e508b3,hypothyroid_03,2024-07-13,mood_swings,4
88290e7e,hypothyroid_03,2024-07-13,cramps,4
572925db,hypothyroid_03,2024-07-13,bloating,4
92d8b355,hypothyroid_03,2024-07-14,fatigue,2
8887e670,hypothyroid_03,2024-07-14,mood_swings,4
9bbe89bc,hypothyroid_03,2024-07-15,fatigue,2
edd0f38c,hypothyroid_03,2024-07-15,cold_intolerance,2
56058ea8,hypothyroid_03,2024-07-15,mood_swings,2
2bef46fa,hypothyroid_03,2024-07-15,cramps,5
230045da,hypothyroid_03,2024-07-15,bloating,5
05591157,hypothyroid_03,2024-07-16,fatigue,4
34b1ddd0,hypothyroid_03,2024-07-16,cold_intolerance,4
a8c9d00c,hypothyroid_03,2024-07-16,cramps,4
510ce5a7,hypothyroid_03,2024-07-16,bloating,5
41b7dd3c,hypothyroid_03,2024-07-17,fatigue,4
759b25c3,hypothyroid_03,2024-07-17,cramps,4
14f8ada6,hypothyroid_03,2024-07-17,bloating,3
e297fd0a,hypothyroid_03,2024-07-18,fatigue,3
f96fd2da,hypothyroid_03,2024-07-18,cold_intolerance,2
63f1db75,hypothyroid_03,2024-07-18,mood_swings,2
07a1bfc1,hypothyroid_03,2024-07-19,cold_intolerance,3
f7561bd4,hypothyroid_03,2024-07-19,mood_swings,3
a715800d,hypothyroid_03,2024-07-19,cramps,2
327aefd5,hypothyroid_03,2024-07-20,fatigue,3
dc4530d7,hypothyroid_03,2024-07-20,cramps,3
52d1ca23,hypothyroid_03,2024-07-21,fatigue,2
30d68f13,hypothyroid_03,2024-07-21,cold_intolerance,5
366018e1,hypothyroid_03,2024-07-21,mood_swings,2
e4c4853d,hypothyroid_03,2024-07-21,cramps,2
bcdca898,hypothyroid_03,2024-07-22,fatigue,4
a5599a8a,hypothyroid_03,2024-07-22,mood_swings,4
eefb1a74,hypothyroid_03,2024-08-11,fatigue,5
04e449a9,hypothyroid_03,2024-08-11,cold_intolerance,3
9e86a3e0,hypothyroid_03,2024-08-11,mood_swings,5
1ee6e153,hypothyroid_03,2024-08-11,cramps,5
09a8f503,hypothyroid_03,2024-08-12,fatigue,3
35c4c59c,hypothyroid_03,2024-08-12,cold_intolerance,5
23df3621,hypothyroid_03,2024-08-12,cramps,4
a006b05e,hypothyroid_03,2024-08-12,bloating,5
cddc87a2,hypothyroid_03,2024-08-13,fatigue,4
9676249a,hypothyroid_03,2024-08-13,cramps,4
4486b924,hypothyroid_03,2024-08-13,bloating,2
303b728c,hypothyroid_03,2024-08-14,fatigue,2
ad3c23cf,hypothyroid_03,2024-08-14,cold_intolerance,4
ae19d3b4,hypothyroid_03,2024-08-14,mood_swings,2
e1e4555b,hypothyroid_03,2024-08-14,bloating,4
f23e71dd,hypothyroid_03,2024-08-15,fatigue,2
f163c590,hypothyroid_03,2024-08-15,cold_intolerance,5
d7af3b91,hypothyroid_03,2024-08-15,cramps,4
a4d0c993,hypothyroid_03,2024-08-15,bloating,4
4fda9b69,hypothyroid_03,2024-08-16,fatigue,4
6a05322d,hypothyroid_03,2024-08-16,cold_intolerance,5
10c0414d,hypothyroid_03,2024-08-16,cramps,4
99a28cbb,hypothyroid_03,2024-08-17,cold_intolerance,4
dfc2751d,hypothyroid_03,2024-08-17,cramps,2
21bb8c3d,hypothyroid_03,2024-08-18,fatigue,3
6580d785,hypothyroid_03,2024-08-18,cold_intolerance,5
60c25c96,hypothyroid_03,2024-08-19,fatigue,2
6bde311b,hypothyroid_03,2024-08-19,mood_swings,3
d473b5fb,hypothyroid_03,2024-08-20,fatigue,2
c4a4ada3,hypothyroid_03,2024-08-20,cold_intolerance,4
6eebb447,hypothyroid_03,2024-08-21,fatigue,4
6239b149,hypothyroid_03,2024-08-21,bloating,5
99783f41,hypothyroid_03,2024-08-22,fatigue,3
aa53e619,hypothyroid_03,2024-08-22,cold_intolerance,5
8fb2a14b,hypothyroid_03,2024-08-22,cramps,3
27898e68,hypothyroid_03,2024-09-19,fatigue,5
63395720,hypothyroid_03,2024-09-19,mood_swings,2
981cc509,hypothyroid_03,2024-09-20,mood_swings,4
a62749f9,hypothyroid_03,2024-09-21,fatigue,3
bee423fe,hypothyroid_03,2024-09-21,mood_swings,2
76237c22,hypothyroid_03,2024-09-21,cramps,3
04d3b623,hypothyroid_03,2024-09-22,fatigue,5
6059a36a,hypothyroid_03,2024-09-22,cold_intolerance,3
92e47056,hypothyroid_03,2024-09-22,cramps,4
01a444f9,hypothyroid_03,2024-09-23,fatigue,2
553d4ae5,hypothyroid_03,2024-09-23,mood_swings,2
1e0f99a0,hypothyroid_03,2024-09-24,fatigue,5
e3015cf5,hypothyroid_03,2024-09-24,cold_intolerance,2
45caa413,hypothyroid_03,2024-09-24,mood_swings,3
7c1d8a9e,hypothyroid_03,2024-09-24,bloating,3
07afb3fc,hypothyroid_03,2024-09-25,cold_intolerance,5
5fcfebe5,hypothyroid_03,2024-09-25,mood_swings,4
9db7a901,hypothyroid_03,2024-09-25,cramps,3
f7dda996,hypothyroid_03,2024-09-26,fatigue,2
e121eb00,hypothyroid_03,2024-09-26,cold_intolerance,4
80d28e01,hypothyroid_03,2024-09-27,fatigue,2
9b2e4229,hypothyroid_03,2024-09-27,cold_intolerance,2
0db3787a,hypothyroid_03,2024-09-27,cramps,5
6e2e6509,hypothyroid_03,2024-09-27,bloating,2
dc5f12c7,hypothyroid_03,2024-10-24,fatigue,5
31268241,hypothyroid_03,2024-10-24,cold_intolerance,5
439ed534,hypothyroid_03,2024-10-24,mood_swings,5
e9f4e14f,hypothyroid_03,2024-10-24,cramps,4
efcef219,hypothyroid_03,2024-10-25,fatigue,3
d071ee9c,hypothyroid_03,2024-10-25,cold_intolerance,3
5a65d0e9,hypothyroid_03,2024-10-25,cramps,2
717fe432,hypothyroid_03,2024-10-26,fatigue,5
8a815408,hypothyroid_03,2024-10-26,cold_intolerance,4
f9e2203d,hypothyroid_03,2024-10-26,mood_swings,3
bd322aec,hypothyroid_03,2024-10-26,cramps,4
88ea7f1a,hypothyroid_03,2024-10-27,fatigue,3
8513a16d,hypothyroid_03,2024-10-27,cold_intolerance,3
2df17896,hypothyroid_03,2024-10-27,mood_swings,2
f5fbdfce,hypothyroid_03,2024-10-27,cramps,4
e1815958,hypothyroid_03,2024-10-27,bloating,2
8a63a606,hypothyroid_03,2024-10-28,fatigue,3
5fef363a,hypothyroid_03,2024-10-28,cold_intolerance,3
2f89aa6c,hypothyroid_03,2024-10-28,mood_swings,3
2c4f4409,hypothyroid_03,2024-10-29,fatigue,5
16cbe6b2,hypothyroid_03,2024-10-29,cold_intolerance,4
d05a6661,hypothyroid_03,2024-10-29,cramps,2
02d0d9d6,hypothyroid_03,2024-10-29,bloating,4
9d551150,hypothyroid_03,2024-10-30,fatigue,5
48254e46,hypothyroid_03,2024-10-30,cold_intolerance,2
53c3bf05,hypothyroid_03,2024-10-31,fatigue,3
03517e68,hypothyroid_03,2024-10-31,cold_intolerance,4
de380d23,hypothyroid_03,2024-10-31,mood_swings,4
37a5dd90,hypothyroid_03,2024-10-31,cramps,4
237128e4,hypothyroid_03,2024-11-01,fatigue,2
3252b0c4,hypothyroid_03,2024-11-01,cold_intolerance,3
857f4a81,hypothyroid_03,2024-11-01,mood_swings,3
6f90a2ef,hypothyroid_03,2024-11-01,cramps,3
98513e50,hypothyroid_03,2024-11-02,cold_intolerance,2
64f03056,hypothyroid_03,2024-11-02,mood_swings,4
44f31d21,hypothyroid_03,2024-11-03,fatigue,3
66f5936a,hypothyroid_03,2024-11-03,cold_intolerance,3
74f61006,hypothyroid_03,2024-11-04,fatigue,5
7ceb8232,hypothyroid_03,2024-11-04,cold_intolerance,2
208021d7,hypothyroid_03,2024-11-04,cramps,4
e415cb45,hypothyroid_03,2024-11-05,fatigue,4
de1760cd,hypothyroid_03,2024-11-05,cramps,3
194e4350,hypothyroid_03,2024-11-19,fatigue,5
1b9e0f6f,hypothyroid_03,2024-11-19,cold_intolerance,3
cdf08569,hypothyroid_03,2024-11-19,mood_swings,5
4c262cbc,hypothyroid_03,2024-11-21,fatigue,2
b8c1ea47,hypothyroid_03,2024-11-21,cold_intolerance,3
a06dd7d4,hypothyroid_03,2024-11-22,fatigue,3
f24493f4,hypothyroid_03,2024-11-22,cold_intolerance,5
c8739953,hypothyroid_03,2024-11-22,cramps,3
3b314124,hypothyroid_03,2024-11-23,fatigue,4
37ab60b4,hypothyroid_03,2024-11-23,mood_swings,4
cdbe7040,hypothyroid_03,2024-11-23,cramps,2
9bba886a,hypothyroid_03,2024-11-24,fatigue,2
a1eb5fb0,hypothyroid_03,2024-11-24,mood_swings,5
a7df58e1,hypothyroid_03,2024-11-24,bloating,3
00038969,hypothyroid_03,2024-11-25,fatigue,4
c4e72a44,hypothyroid_03,2024-11-25,cold_intolerance,3
0fc99656,hypothyroid_03,2024-11-25,bloating,3
97fc0ebe,hypothyroid_03,2024-11-26,cold_intolerance,2
579f9500,hypothyroid_03,2024-11-26,bloating,5
7774c342,hypothyroid_03,2024-11-27,fatigue,4
90c4619c,hypothyroid_03,2024-11-27,mood_swings,2
b4ff3607,hypothyroid_03,2024-11-28,fatigue,4
320f6e0e,hypothyroid_03,2024-11-28,cold_intolerance,3
2814f551,hypothyroid_03,2024-11-28,mood_swings,4
2d15dbea,hypothyroid_03,2024-11-28,bloating,2
348741e2,hypothyroid_03,2024-11-29,fatigue,5
936e635e,hypothyroid_03,2024-11-29,mood_swings,3
9ab86081,hypothyroid_03,2024-11-29,cramps,4
5d944987,hypothyroid_03,2024-12-31,fatigue,5
63924b3e,hypothyroid_03,2024-12-31,cold_intolerance,5
9dfaaf3a,hypothyroid_03,2025-01-01,fatigue,3
ebea7d3f,hypothyroid_03,2025-01-01,cold_intolerance,5
359a0cd7,hypothyroid_03,2025-01-01,bloating,2
91a3fea5,hypothyroid_03,2025-01-02,fatigue,3
00a85a4d,hypothyroid_03,2025-01-02,cold_intolerance,2
725c586f,hypothyroid_03,2025-01-02,mood_swings,2
f6c6dc4c,hypothyroid_03,2025-01-02,cramps,4
225529bf,hypothyroid_03,2025-01-02,bloating,5
cad02a8b,hypothyroid_03,2025-01-03,fatigue,5
744402c5,hypothyroid_03,2025-01-03,cold_intolerance,5
5a052c8e,hypothyroid_03,2025-01-03,mood_swings,5
717d18e4,hypothyroid_03,2025-01-03,cramps,3
6f3d0c7f,hypothyroid_03,2025-01-03,bloating,3
2fcbb358,hypothyroid_03,2025-01-04,fatigue,2
d16ab333,hypothyroid_03,2025-01-04,cold_intolerance,3
57e583ea,hypothyroid_03,2025-01-04,mood_swings,5
e3491ec4,hypothyroid_03,2025-01-04,bloating,4
42c26bd8,hypothyroid_03,2025-01-05,fatigue,2
91b1b51d,hypothyroid_03,2025-01-05,cold_intolerance,5
19e7a6bb,hypothyroid_03,2025-01-05,mood_swings,4
cbf809d7,hypothyroid_03,2025-01-05,cramps,2
c29214e9,hypothyroid_03,2025-01-06,fatigue,2
63736af2,hypothyroid_03,2025-01-06,cold_intolerance,5
c3994ddf,hypothyroid_03,2025-01-06,mood_swings,5
f27cbcbf,hypothyroid_03,2025-01-06,cramps,2
c35a5e4f,hypothyroid_03,2025-01-07,fatigue,2
8a74bb94,hypothyroid_03,2025-01-07,cold_intolerance,5
0945ce9b,hypothyroid_03,2025-02-07,fatigue,2
1a4de33d,hypothyroid_03,2025-02-07,cold_intolerance,4
5f96100c,hypothyroid_03,2025-02-07,mood_swings,4
ecbfcb85,hypothyroid_03,2025-02-08,cold_intolerance,3
a0f59aaa,hypothyroid_03,2025-02-08,bloating,2
fb1958f6,hypothyroid_03,2025-02-09,fatigue,4
39a2bd21,hypothyroid_03,2025-02-09,cold_intolerance,2
bc4361b8,hypothyroid_03,2025-02-09,cramps,3
3a139fde,hypothyroid_03,2025-02-10,fatigue,3
9484f4db,hypothyroid_03,2025-02-10,cold_intolerance,3
ee77fa55,hypothyroid_03,2025-02-10,mood_swings,5
e9157b00,hypothyroid_03,2025-02-10,cramps,4
8102b9aa,hypothyroid_03,2025-02-10,bloating,4
12ce2919,hypothyroid_03,2025-02-11,fatigue,3
77e001e1,hypothyroid_03,2025-02-11,bloating,4
136d60e6,hypothyroid_03,2025-02-12,fatigue,5
5d3cb279,hypothyroid_03,2025-02-12,mood_swings,3
d8f603a6,hypothyroid_03,2025-02-12,cramps,2
cb05bded,hypothyroid_03,2025-02-12,bloating,3
553b7307,hypothyroid_03,2025-02-13,fatigue,4
a82d00c1,hypothyroid_03,2025-02-13,cold_intolerance,3
c3de7500,hypothyroid_03,2025-02-13,cramps,2
537966e0,hypothyroid_03,2025-02-14,fatigue,4
da8ade12,hypothyroid_03,2025-02-14,mood_swings,3
9bea0edc,hypothyroid_03,2025-02-14,cramps,4
aec17d00,hypothyroid_03,2025-02-15,fatigue,4
0758ec40,hypothyroid_03,2025-02-15,cold_intolerance,2
889bfc4f,hypothyroid_03,2025-02-15,mood_swings,2
01e4ea3b,hypothyroid_03,2025-02-15,bloating,2
9d5f337d,hypothyroid_03,2025-02-16,fatigue,5
96805bad,hypothyroid_03,2025-02-16,cold_intolerance,5
51094917,hypothyroid_03,2025-02-17,fatigue,5
c2b70828,hypothyroid_03,2025-02-17,cold_intolerance,5
7e27b171,hypothyroid_03,2025-03-10,fatigue,4
963e8795,hypothyroid_03,2025-03-10,cold_intolerance,4
0e142f28,hypothyroid_03,2025-03-10,mood_swings,3
f5b40439,hypothyroid_03,2025-03-10,cramps,2
ff399ee4,hypothyroid_03,2025-03-11,fatigue,2
d348418d,hypothyroid_03,2025-03-11,cold_intolerance,3
6e4d9660,hypothyroid_03,2025-03-11,mood_swings,4
ccd5199d,hypothyroid_03,2025-03-11,cramps,5
fd7fd736,hypothyroid_03,2025-03-12,fatigue,3
bc656bfe,hypothyroid_03,2025-03-12,cold_intolerance,3
ae0f1253,hypothyroid_03,2025-03-13,fatigue,4
d15f2581,hypothyroid_03,2025-03-13,cold_intolerance,4
869e0407,hypothyroid_03,2025-03-13,mood_swings,2
0c2a88f6,hypothyroid_03,2025-03-13,bloating,5
dbc82328,hypothyroid_03,2025-03-14,fatigue,5
c4bb4f6b,hypothyroid_03,2025-03-14,cold_intolerance,2
d432704e,hypothyroid_03,2025-03-14,mood_swings,3
53f8e7e3,hypothyroid_03,2025-03-14,cramps,5
17c33a9a,hypothyroid_03,2025-03-15,fatigue,2
9ff47950,hypothyroid_03,2025-03-15,cold_intolerance,4
533966a8,hypothyroid_03,2025-03-15,mood_swings,3
84534060,hypothyroid_03,2025-03-15,bloating,2
a7e0046e,hypothyroid_03,2025-03-16,fatigue,5
0a8f64a5,hypothyroid_03,2025-03-16,cold_intolerance,4
559b1f0a,hypothyroid_03,2025-03-17,fatigue,2
d943851d,hypothyroid_03,2025-03-17,cold_intolerance,2
a682174f,hypothyroid_03,2025-03-17,mood_swings,2
b28b6096,hypothyroid_03,2025-03-17,cramps,2
34d0ad1a,hypothyroid_03,2025-03-17,bloating,2
b98525db,hypothyroid_03,2025-03-18,fatigue,3
29cc6f18,hypothyroid_03,2025-03-18,mood_swings,5
d3d12190,hypothyroid_03,2025-03-18,cramps,5
70b11c3a,hypothyroid_03,2025-03-19,fatigue,5
02add408,hypothyroid_03,2025-03-19,cramps,4
a8faa378,hypothyroid_03,2025-03-19,bloating,2
0b6356fb,hypothyroid_03,2025-04-21,fatigue,5
4ecec1db,hypothyroid_03,2025-04-21,mood_swings,2
1cd561c8,hypothyroid_03,2025-04-21,cramps,4
7214feae,hypothyroid_03,2025-04-22,fatigue,2
bcc8e3bb,hypothyroid_03,2025-04-22,cramps,5
e6ff3410,hypothyroid_03,2025-04-22,bloating,2
7c78307f,hypothyroid_03,2025-04-23,fatigue,2
0c948081,hypothyroid_03,2025-04-23,cold_intolerance,4
b10495d5,hypothyroid_03,2025-04-23,cramps,3
40b95bc0,hypothyroid_03,2025-04-24,cold_intolerance,2
8629dcad,hypothyroid_03,2025-04-24,mood_swings,4
65b07b5f,hypothyroid_03,2025-04-25,fatigue,3
248a428d,hypothyroid_03,2025-04-25,cold_intolerance,3
c2bd3d27,hypothyroid_03,2025-04-25,mood_swings,5
be569bd7,hypothyroid_03,2025-04-25,cramps,4
be58e745,hypothyroid_03,2025-04-25,bloating,4
b73646f9,hypothyroid_03,2025-04-26,fatigue,4
ed99a593,hypothyroid_03,2025-04-26,mood_swings,3
ae827317,hypothyroid_03,2025-04-26,bloating,3
050481a6,hypothyroid_03,2025-04-27,fatigue,2
fe72b47c,hypothyroid_03,2025-04-27,bloating,3
8be4fcf6,hypothyroid_03,2025-04-28,cold_intolerance,5
e0125fd1,hypothyroid_03,2025-04-29,fatigue,5
f138e0c1,hypothyroid_03,2025-04-29,cold_intolerance,4
d5212063,hypothyroid_03,2025-04-29,cramps,4
a484c0d7,hypothyroid_03,2025-04-30,cold_intolerance,4
23342998,hypothyroid_03,2025-04-30,cramps,4
b8ff1cce,hypothyroid_03,2025-04-30,bloating,3
0f286d3f,hypothyroid_03,2025-05-01,fatigue,5
0e4b63ea,hypothyroid_03,2025-05-01,cold_intolerance,4
ece4e6e1,hypothyroid_03,2025-05-01,mood_swings,2
561bbf50,hypothyroid_03,2025-05-02,fatigue,4
e26592fd,hypothyroid_03,2025-05-02,cold_intolerance,2
f870ddfc,hypothyroid_03,2025-05-03,fatigue,4
248f7804,hypothyroid_03,2025-05-03,cold_intolerance,2
53c3f4c4,hypothyroid_03,2025-05-03,mood_swings,5
82b7ea03,hypothyroid_03,2025-05-03,cramps,2
00e5fbac,hypothyroid_03,2025-05-03,bloating,3
22202a0e,hypothyroid_03,2025-05-21,fatigue,2
cac5405a,hypothyroid_03,2025-05-21,cold_intolerance,3
da5957d0,hypothyroid_03,2025-05-21,cramps,2
2682d9fe,hypothyroid_03,2025-05-21,bloating,3
13ca68d3,hypothyroid_03,2025-05-22,fatigue,3
53017a22,hypothyroid_03,2025-05-22,cold_intolerance,5
ff7ffd95,hypothyroid_03,2025-05-22,mood_swings,2
6d8fa231,hypothyroid_03,2025-05-22,cramps,4
ca2989c2,hypothyroid_03,2025-05-23,fatigue,2
0f1182b6,hypothyroid_03,2025-05-23,cold_intolerance,5
b964cbe8,hypothyroid_03,2025-05-23,mood_swings,4
73d08a8b,hypothyroid_03,2025-05-23,cramps,4
bd7bcde2,hypothyroid_03,2025-05-23,bloating,2
18a6067c,hypothyroid_03,2025-05-24,cold_intolerance,3
42f23ab1,hypothyroid_03,2025-05-25,fatigue,4
af73ca06,hypothyroid_03,2025-05-25,cold_intolerance,2
3d0d9b90,hypothyroid_03,2025-05-25,mood_swings,2
52203887,hypothyroid_03,2025-05-25,cramps,2
bc79157c,hypothyroid_03,2025-05-25,bloating,3
7286ea31,hypothyroid_03,2025-05-26,cold_intolerance,3
aa4a248d,hypothyroid_03,2025-05-26,mood_swings,4
565f44bc,hypothyroid_03,2025-05-27,fatigue,5
f0b11b92,hypothyroid_03,2025-05-27,cold_intolerance,3
956ae082,hypothyroid_03,2025-05-28,fatigue,5
b8b3d2cd,hypothyroid_03,2025-05-28,cold_intolerance,3
76611b9f,hypothyroid_03,2025-05-28,mood_swings,2
327e41d0,hypothyroid_03,2025-05-29,fatigue,5
57de124d,hypothyroid_03,2025-05-30,cold_intolerance,2
05adccf9,hypothyroid_03,2025-06-25,fatigue,4
65b93eac,hypothyroid_03,2025-06-25,cold_intolerance,2
8eddaacf,hypothyroid_03,2025-06-26,fatigue,2
60ef7114,hypothyroid_03,2025-06-26,cold_intolerance,2
a34f928b,hypothyroid_03,2025-06-26,cramps,5
c1e85b2f,hypothyroid_03,2025-06-27,cold_intolerance,4
0b100f49,hypothyroid_03,2025-06-27,bloating,4
6c12c6a5,hypothyroid_03,2025-06-28,fatigue,5
c1f4ddb8,hypothyroid_03,2025-06-28,cold_intolerance,2
3558d047,hypothyroid_03,2025-06-28,mood_swings,4
56beb807,hypothyroid_03,2025-06-29,fatigue,4
25d58a9c,hypothyroid_03,2025-06-29,cold_intolerance,4
d6b8f0d0,hypothyroid_03,2025-06-29,cramps,5
cb747c74,hypothyroid_03,2025-06-30,fatigue,4
25a2ece1,hypothyroid_03,2025-06-30,cold_intolerance,2
6a4518b9,hypothyroid_03,2025-06-30,cramps,5
219894a0,hypothyroid_03,2025-07-01,fatigue,2
4c54b3dd,hypothyroid_03,2025-07-01,cold_intolerance,5
77bddcc0,hypothyroid_03,2025-07-01,mood_swings,5
1e64582c,hypothyroid_03,2025-07-01,cramps,3
fabe7b77,hypothyroid_03,2025-07-01,bloating,4
e68cf8a4,hypothyroid_03,2025-07-28,fatigue,2
62695292,hypothyroid_03,2025-07-28,cold_intolerance,4
1ea569d4,hypothyroid_03,2025-07-28,cramps,2
ef0e8941,hypothyroid_03,2025-07-29,fatigue,2
e7de05e2,hypothyroid_03,2025-07-29,cold_intolerance,2
9cc20aa3,hypothyroid_03,2025-07-29,bloating,3
89bccfba,hypothyroid_03,2025-07-30,fatigue,4
7325da74,hypothyroid_03,2025-07-30,cold_intolerance,4
9158b9c8,hypothyroid_03,2025-07-30,mood_swings,3
e5bd64a2,hypothyroid_03,2025-07-30,cramps,2
f860c73e,hypothyroid_03,2025-07-30,bloating,5
5a155bf0,hypothyroid_03,2025-07-31,fatigue,5
959a6911,hypothyroid_03,2025-07-31,cold_intolerance,3
0bf0facb,hypothyroid_03,2025-07-31,mood_swings,2
0b294288,hypothyroid_03,2025-08-01,fatigue,2
cdbfd90a,hypothyroid_03,2025-08-01,mood_swings,2
a69bdc09,hypothyroid_03,2025-08-01,bloating,5
719b647e,hypothyroid_03,2025-08-02,fatigue,2
44a278f2,hypothyroid_03,2025-08-02,cold_intolerance,4
4a2ab319,hypothyroid_03,2025-08-02,mood_swings,2
73e0a6be,hypothyroid_03,2025-08-02,cramps,5
105a11cc,hypothyroid_03,2025-08-03,fatigue,5
8578d481,hypothyroid_03,2025-08-03,cramps,5
2928c5b0,hypothyroid_03,2025-08-03,bloating,2
f1edb3f5,hypothyroid_04,2024-01-01,cold_intolerance,5
424cb74b,hypothyroid_04,2024-01-01,cramps,3
f48c0193,hypothyroid_04,2024-01-02,fatigue,2
7c5d72d3,hypothyroid_04,2024-01-02,mood_swings,5
fdc6329f,hypothyroid_04,2024-01-02,cramps,2
2a2b911d,hypothyroid_04,2024-01-03,fatigue,5
7e942a2c,hypothyroid_04,2024-01-03,mood_swings,3
d7ff80a7,hypothyroid_04,2024-01-04,fatigue,5
be04badd,hypothyroid_04,2024-01-04,cold_intolerance,5
73910886,hypothyroid_04,2024-01-05,fatigue,2
fb4ff26f,hypothyroid_04,2024-01-05,cold_intolerance,5
0c401227,hypothyroid_04,2024-01-05,cramps,2
32bc63e4,hypothyroid_04,2024-01-05,bloating,4
aab6830c,hypothyroid_04,2024-01-06,fatigue,4
d2dccace,hypothyroid_04,2024-01-06,mood_swings,2
7d7c2272,hypothyroid_04,2024-01-06,cramps,4
a40104f7,hypothyroid_04,2024-01-07,fatigue,3
bd13e671,hypothyroid_04,2024-01-07,cold_intolerance,5
5ebfc2f8,hypothyroid_04,2024-01-07,cramps,2
f2dbce8c,hypothyroid_04,2024-01-07,bloating,2
39e87f7b,hypothyroid_04,2024-01-08,fatigue,5
b662d68c,hypothyroid_04,2024-01-08,cold_intolerance,5
8d8970ef,hypothyroid_04,2024-01-08,bloating,5
09560b86,hypothyroid_04,2024-01-09,fatigue,5
93e11ec0,hypothyroid_04,2024-01-09,cold_intolerance,4
598983ef,hypothyroid_04,2024-01-09,mood_swings,2
9f3ecafa,hypothyroid_04,2024-01-09,cramps,4
20d95f90,hypothyroid_04,2024-01-10,mood_swings,2
ed40bffe,hypothyroid_04,2024-01-11,mood_swings,2
711baff5,hypothyroid_04,2024-01-11,cramps,2
d531afcd,hypothyroid_04,2024-01-11,bloating,4
cf01af69,hypothyroid_04,2024-01-12,fatigue,4
638c54ec,hypothyroid_04,2024-01-12,mood_swings,3
271be427,hypothyroid_04,2024-02-05,cold_intolerance,3
181b8d78,hypothyroid_04,2024-02-05,mood_swings,4
72793863,hypothyroid_04,2024-02-06,fatigue,2
1e6337fb,hypothyroid_04,2024-02-06,mood_swings,3
13841f38,hypothyroid_04,2024-02-06,cramps,2
736e8d18,hypothyroid_04,2024-02-06,bloating,2
0dc3519b,hypothyroid_04,2024-02-07,fatigue,4
d6a6f67c,hypothyroid_04,2024-02-08,fatigue,3
8ef6b3fc,hypothyroid_04,2024-02-08,cold_intolerance,4
33f0a321,hypothyroid_04,2024-02-08,mood_swings,2
7308aac9,hypothyroid_04,2024-02-08,cramps,4
4a21ace3,hypothyroid_04,2024-02-08,bloating,2
c6984274,hypothyroid_04,2024-02-09,cold_intolerance,5
a88c8541,hypothyroid_04,2024-02-09,mood_swings,3
9a8cd553,hypothyroid_04,2024-02-09,cramps,5
e4c86c74,hypothyroid_04,2024-02-10,fatigue,5
66332208,hypothyroid_04,2024-02-10,cold_intolerance,4
5879336a,hypothyroid_04,2024-02-10,mood_swings,2
b11e4120,hypothyroid_04,2024-02-10,cramps,2
1932541c,hypothyroid_04,2024-02-11,cold_intolerance,2
5f9c6652,hypothyroid_04,2024-02-11,mood_swings,4
07c987df,hypothyroid_04,2024-02-12,fatigue,4
c476ec87,hypothyroid_04,2024-02-12,cold_intolerance,5
2173385b,hypothyroid_04,2024-03-02,fatigue,5
2a0d70e9,hypothyroid_04,2024-03-02,cold_intolerance,4
171f805a,hypothyroid_04,2024-03-02,cramps,4
71e56537,hypothyroid_04,2024-03-03,fatigue,5
c3145e72,hypothyroid_04,2024-03-03,cold_intolerance,2
f3a2ea97,hypothyroid_04,2024-03-03,mood_swings,5
ae89c610,hypothyroid_04,2024-03-03,cramps,5
e3b3041c,hypothyroid_04,2024-03-03,bloating,5
8bfe9a88,hypothyroid_04,2024-03-04,fatigue,5
4daa3a83,hypothyroid_04,2024-03-04,cramps,3
159de72d,hypothyroid_04,2024-03-05,fatigue,3
a4c9262e,hypothyroid_04,2024-03-05,cold_intolerance,4
e8f00426,hypothyroid_04,2024-03-05,mood_swings,3
d1a139e3,hypothyroid_04,2024-03-06,cold_intolerance,2
7571937a,hypothyroid_04,2024-03-06,bloating,5
ea0735b0,hypothyroid_04,2024-03-07,fatigue,5
30bf21da,hypothyroid_04,2024-03-07,cold_intolerance,3
7634a3c4,hypothyroid_04,2024-03-07,mood_swings,5
b607a7bf,hypothyroid_04,2024-03-08,fatigue,5
ed357554,hypothyroid_04,2024-03-08,cold_intolerance,4
6b11e8ec,hypothyroid_04,2024-03-08,cramps,5
976502bc,hypothyroid_04,2024-03-08,bloating,2
4a080e6c,hypothyroid_04,2024-03-09,fatigue,5
372b539c,hypothyroid_04,2024-03-09,cold_intolerance,3
810350b5,hypothyroid_04,2024-03-09,mood_swings,2
d6c95be0,hypothyroid_04,2024-03-10,cold_intolerance,5
7e1db6e2,hypothyroid_04,2024-03-10,mood_swings,3
ffb236f1,hypothyroid_04,2024-03-10,cramps,3
dbdcd252,hypothyroid_04,2024-03-10,bloating,5
431a3a1e,hypothyroid_04,2024-04-02,fatigue,5
1bd9f693,hypothyroid_04,2024-04-03,cramps,2
2a0227be,hypothyroid_04,2024-04-04,fatigue,3
bcfc3311,hypothyroid_04,2024-04-04,cold_intolerance,4
da56f9be,hypothyroid_04,2024-04-05,fatigue,3
f338bc08,hypothyroid_04,2024-04-05,cold_intolerance,5
1681956d,hypothyroid_04,2024-04-05,bloating,5
344f18fc,hypothyroid_04,2024-04-06,fatigue,4
88b7f55f,hypothyroid_04,2024-04-06,mood_swings,4
8a875d18,hypothyroid_04,2024-04-06,cramps,2
b522a41c,hypothyroid_04,2024-04-07,fatigue,5
42d00f2d,hypothyroid_04,2024-04-07,cold_intolerance,4
3ff9e46b,hypothyroid_04,2024-04-07,mood_swings,3
d52cc8b0,hypothyroid_04,2024-04-07,cramps,2
3a448e06,hypothyroid_04,2024-04-08,cold_intolerance,4
5fcbcca6,hypothyroid_04,2024-04-08,mood_swings,3
61876c3f,hypothyroid_04,2024-04-08,cramps,5
90d11466,hypothyroid_04,2024-04-09,fatigue,3
5645bc3b,hypothyroid_04,2024-04-09,cold_intolerance,3
17e0a375,hypothyroid_04,2024-04-09,mood_swings,3
8668d236,hypothyroid_04,2024-04-09,cramps,2
649f6322,hypothyroid_04,2024-04-30,fatigue,5
cedd3d54,hypothyroid_04,2024-04-30,cold_intolerance,3
0563284a,hypothyroid_04,2024-04-30,mood_swings,4
880fe34c,hypothyroid_04,2024-04-30,cramps,4
cee280e0,hypothyroid_04,2024-04-30,bloating,4
ee64f39b,hypothyroid_04,2024-05-01,fatigue,5
b481b181,hypothyroid_04,2024-05-01,cold_intolerance,3
19318b31,hypothyroid_04,2024-05-01,mood_swings,3
fcbc867f,hypothyroid_04,2024-05-02,cold_intolerance,3
dabca263,hypothyroid_04,2024-05-02,mood_swings,3
56e972a6,hypothyroid_04,2024-05-03,mood_swings,4
672d1adb,hypothyroid_04,2024-05-03,cramps,5
6edf05da,hypothyroid_04,2024-05-03,bloating,2
f479ea35,hypothyroid_04,2024-05-04,fatigue,2
d8b937b9,hypothyroid_04,2024-05-04,mood_swings,2
c5d37b91,hypothyroid_04,2024-05-05,fatigue,3
7ac2073e,hypothyroid_04,2024-05-05,cold_intolerance,2
a8f5c32a,hypothyroid_04,2024-05-06,fatigue,3
54cf6fb5,hypothyroid_04,2024-05-06,cold_intolerance,5
dc3f4a72,hypothyroid_04,2024-05-06,cramps,4
aa1da40f,hypothyroid_04,2024-05-06,bloating,3
f80c82b9,hypothyroid_04,2024-05-07,mood_swings,4
35dac2b7,hypothyroid_04,2024-06-03,fatigue,2
49e4632a,hypothyroid_04,2024-06-03,cramps,2
004d0a98,hypothyroid_04,2024-06-03,bloating,4
05fbd3db,hypothyroid_04,2024-06-04,fatigue,4
1b574b3c,hypothyroid_04,2024-06-04,cold_intolerance,3
5f3238ae,hypothyroid_04,2024-06-04,cramps,5
e8000749,hypothyroid_04,2024-06-05,cold_intolerance,2
4de20634,hypothyroid_04,2024-06-05,mood_swings,2
cf6a1a3e,hypothyroid_04,2024-06-05,bloating,2
19449975,hypothyroid_04,2024-06-06,fatigue,5
3c3815ed,hypothyroid_04,2024-06-06,cold_intolerance,5
7e883f1e,hypothyroid_04,2024-06-06,cramps,4
89057d83,hypothyroid_04,2024-06-07,fatigue,3
28db1fb8,hypothyroid_04,2024-06-07,cold_intolerance,4
5af01a65,hypothyroid_04,2024-06-07,mood_swings,3
33cf410c,hypothyroid_04,2024-06-07,bloating,4
9097aaaf,hypothyroid_04,2024-06-08,fatigue,2
0f08b895,hypothyroid_04,2024-06-08,cold_intolerance,5
366e3662,hypothyroid_04,2024-06-08,mood_swings,2
cc8ffc08,hypothyroid_04,2024-06-08,cramps,5
5db89562,hypothyroid_04,2024-06-09,fatigue,2
d9824bad,hypothyroid_04,2024-06-09,cold_intolerance,2
e49240c6,hypothyroid_04,2024-06-10,fatigue,3
d847008b,hypothyroid_04,2024-06-10,cold_intolerance,3
cce48d1a,hypothyroid_04,2024-06-10,mood_swings,2
550d04cc,hypothyroid_04,2024-06-11,mood_swings,2
9e7cb554,hypothyroid_04,2024-06-11,cramps,2
0914bad8,hypothyroid_04,2024-07-05,cold_intolerance,3
c0aec94a,hypothyroid_04,2024-07-05,mood_swings,3
859e1f27,hypothyroid_04,2024-07-05,cramps,2
7fb612bd,hypothyroid_04,2024-07-05,bloating,4
c31112d7,hypothyroid_04,2024-07-06,mood_swings,2
ee1a1bff,hypothyroid_04,2024-07-06,cramps,3
dbcebe20,hypothyroid_04,2024-07-07,fatigue,2
1cdcfa76,hypothyroid_04,2024-07-07,cold_intolerance,5
e0c01120,hypothyroid_04,2024-07-08,fatigue,3
88194e4a,hypothyroid_04,2024-07-08,cold_intolerance,3
aa69b3cf,hypothyroid_04,2024-07-08,mood_swings,3
fc917230,hypothyroid_04,2024-07-08,cramps,3
5546236d,hypothyroid_04,2024-07-08,bloating,3
773460d5,hypothyroid_04,2024-07-09,fatigue,3
d742ff13,hypothyroid_04,2024-07-09,cold_intolerance,2
082ea6a7,hypothyroid_04,2024-07-09,mood_swings,3
a6c56874,hypothyroid_04,2024-07-09,cramps,4
e2a71d4b,hypothyroid_04,2024-07-10,fatigue,2
312364b2,hypothyroid_04,2024-07-10,cold_intolerance,4
b06490f3,hypothyroid_04,2024-07-10,cramps,3
c7fea5ba,hypothyroid_04,2024-07-11,fatigue,3
cf96a0ad,hypothyroid_04,2024-07-11,mood_swings,2
b18039cb,hypothyroid_04,2024-07-11,cramps,4
d7755207,hypothyroid_04,2024-07-12,fatigue,2
fdfcdc97,hypothyroid_04,2024-07-12,mood_swings,4
a6cb2e63,hypothyroid_04,2024-07-13,cold_intolerance,2
0f178be4,hypothyroid_04,2024-07-13,cramps,5
2075a85a,hypothyroid_04,2024-07-13,bloating,3
5154b997,hypothyroid_04,2024-07-14,fatigue,4
8e601d5b,hypothyroid_04,2024-07-14,cold_intolerance,5
74c49290,hypothyroid_04,2024-07-14,mood_swings,5
d197c6bb,hypothyroid_04,2024-07-14,bloating,4
efdbae3e,hypothyroid_04,2024-07-15,fatigue,5
8e2a7caf,hypothyroid_04,2024-07-15,cold_intolerance,2
6245f6d1,hypothyroid_04,2024-07-15,cramps,2
d1d78db9,hypothyroid_04,2024-07-16,fatigue,5
8360497d,hypothyroid_04,2024-07-16,mood_swings,2
0782628b,hypothyroid_04,2024-07-16,bloating,4
db15faa9,hypothyroid_04,2024-08-06,fatigue,4
75c8c71c,hypothyroid_04,2024-08-06,cold_intolerance,4
7e3673d1,hypothyroid_04,2024-08-06,mood_swings,4
c2c9cf14,hypothyroid_04,2024-08-06,cramps,3
a709d430,hypothyroid_04,2024-08-07,fatigue,2
a1f85a89,hypothyroid_04,2024-08-07,cold_intolerance,2
a1b3e37f,hypothyroid_04,2024-08-07,cramps,5
e7e4d37a,hypothyroid_04,2024-08-08,fatigue,3
ab7013f4,hypothyroid_04,2024-08-08,cold_intolerance,4
0a7c013b,hypothyroid_04,2024-08-08,cramps,2
495568e8,hypothyroid_04,2024-08-09,fatigue,4
5b51c4c2,hypothyroid_04,2024-08-09,cold_intolerance,4
4213a868,hypothyroid_04,2024-08-09,bloating,3
77c19ea8,hypothyroid_04,2024-08-10,fatigue,2
60afbb23,hypothyroid_04,2024-08-10,cold_intolerance,5
f35c135e,hypothyroid_04,2024-08-10,mood_swings,5
b0736cc8,hypothyroid_04,2024-08-10,cramps,5
c0d8f624,hypothyroid_04,2024-08-11,fatigue,3
ff9a49e9,hypothyroid_04,2024-08-12,fatigue,2
2295062b,hypothyroid_04,2024-08-12,cold_intolerance,2
0c21016b,hypothyroid_04,2024-08-12,mood_swings,5
c16a239b,hypothyroid_04,2024-08-13,cold_intolerance,4
5a33f493,hypothyroid_04,2024-08-13,bloating,3
84fe530b,hypothyroid_04,2024-08-14,fatigue,3
1b55e824,hypothyroid_04,2024-08-14,mood_swings,5
3ad51d23,hypothyroid_04,2024-08-15,fatigue,3
916a969e,hypothyroid_04,2024-08-15,cold_intolerance,4
36d4f3f6,hypothyroid_04,2024-08-15,mood_swings,3
7767cf38,hypothyroid_04,2024-08-16,fatigue,3
73e60416,hypothyroid_04,2024-08-16,cramps,4
f8025ab1,hypothyroid_04,2024-08-16,bloating,5
c39a0e73,hypothyroid_04,2024-09-09,fatigue,4
df05ee6b,hypothyroid_04,2024-09-09,cold_intolerance,2
98729fbb,hypothyroid_04,2024-09-09,cramps,5
b1c32bb8,hypothyroid_04,2024-09-09,bloating,4
bf1d8948,hypothyroid_04,2024-09-10,fatigue,5
a613fcde,hypothyroid_04,2024-09-10,cold_intolerance,4
8edffb1f,hypothyroid_04,2024-09-10,bloating,3
ba6afe8c,hypothyroid_04,2024-09-11,fatigue,3
18c630d9,hypothyroid_04,2024-09-11,mood_swings,3
a628ed57,hypothyroid_04,2024-09-12,fatigue,5
78abc0dd,hypothyroid_04,2024-09-12,cold_intolerance,5
7f576e59,hypothyroid_04,2024-09-12,mood_swings,5
98959c3c,hypothyroid_04,2024-09-12,cramps,4
ada38030,hypothyroid_04,2024-09-13,mood_swings,4
800f33b1,hypothyroid_04,2024-09-13,cramps,3
147a4cf7,hypothyroid_04,2024-09-13,bloating,4
3f08ffba,hypothyroid_04,2024-09-14,fatigue,2
84dc1ab2,hypothyroid_04,2024-09-14,cramps,2
7e537aea,hypothyroid_04,2024-09-15,fatigue,3
611695d0,hypothyroid_04,2024-09-15,cold_intolerance,3
5a514057,hypothyroid_04,2024-09-15,mood_swings,4
97ee1678,hypothyroid_04,2024-09-15,bloating,3
6a7e3f57,hypothyroid_04,2024-09-16,fatigue,2
6e2ef4c2,hypothyroid_04,2024-09-16,cold_intolerance,5
4f5c5708,hypothyroid_04,2024-09-16,bloating,5
124c4cb6,hypothyroid_04,2024-09-17,fatigue,4
7262218f,hypothyroid_04,2024-09-17,cold_intolerance,5
36437fd2,hypothyroid_04,2024-09-17,mood_swings,5
66631ca9,hypothyroid_04,2024-09-17,bloating,5
8bed3b01,hypothyroid_04,2024-09-18,cold_intolerance,3
dc303abb,hypothyroid_04,2024-09-18,bloating,2
02a4eb61,hypothyroid_04,2024-10-07,fatigue,4
d0d60f36,hypothyroid_04,2024-10-07,cold_intolerance,5
8699b13f,hypothyroid_04,2024-10-08,fatigue,3
52cae8f3,hypothyroid_04,2024-10-08,bloating,4
abe810d5,hypothyroid_04,2024-10-09,fatigue,2
d727fd4a,hypothyroid_04,2024-10-09,mood_swings,3
eee7b346,hypothyroid_04,2024-10-09,bloating,4
90f61ce7,hypothyroid_04,2024-10-10,cold_intolerance,3
a41caa04,hypothyroid_04,2024-10-10,mood_swings,5
13c4eefc,hypothyroid_04,2024-10-10,cramps,5
4e9e40a8,hypothyroid_04,2024-10-11,fatigue,5
3b33a06e,hypothyroid_04,2024-10-11,cramps,3
8fc9d385,hypothyroid_04,2024-10-12,fatigue,3
4809bc8f,hypothyroid_04,2024-10-12,cold_intolerance,2
0f3ee87a,hypothyroid_04,2024-10-13,fatigue,4
8081f39c,hypothyroid_04,2024-10-13,cold_intolerance,5
66d59043,hypothyroid_04,2024-10-13,mood_swings,2
bb6ea617,hypothyroid_04,2024-10-14,fatigue,3
b9e2ec4b,hypothyroid_04,2024-10-14,cold_intolerance,3
fafdb2e2,hypothyroid_04,2024-10-14,mood_swings,3
f9c8608e,hypothyroid_04,2024-10-14,cramps,3
1d1859b2,hypothyroid_04,2024-10-15,fatigue,4
ccf3ee1d,hypothyroid_04,2024-10-15,cold_intolerance,5
d91d839d,hypothyroid_04,2024-10-15,mood_swings,4
ff5edaa1,hypothyroid_04,2024-10-15,cramps,4
5553085d,hypothyroid_04,2024-10-16,fatigue,5
51c1d018,hypothyroid_04,2024-10-16,cold_intolerance,5
e8729d97,hypothyroid_04,2024-10-16,bloating,4
93470d4b,hypothyroid_04,2024-10-17,fatigue,4
f40564f2,hypothyroid_04,2024-10-17,mood_swings,3
cd28a0bf,hypothyroid_04,2024-10-17,cramps,2
3e591896,hypothyroid_04,2024-10-17,bloating,5
7246f323,hypothyroid_04,2024-11-02,fatigue,2
cf995d77,hypothyroid_04,2024-11-02,cold_intolerance,3
7299acbf,hypothyroid_04,2024-11-02,cramps,4
ce11ae25,hypothyroid_04,2024-11-03,cold_intolerance,5
8cf750e4,hypothyroid_04,2024-11-03,cramps,2
74b45952,hypothyroid_04,2024-11-04,fatigue,3
91c86cdb,hypothyroid_04,2024-11-04,cold_intolerance,2
9998f76e,hypothyroid_04,2024-11-04,mood_swings,5
3666c9da,hypothyroid_04,2024-11-04,cramps,5
5daff67b,hypothyroid_04,2024-11-05,fatigue,2
4469e7a1,hypothyroid_04,2024-11-05,cold_intolerance,5
9e185d43,hypothyroid_04,2024-11-05,bloating,3
70cd32f9,hypothyroid_04,2024-11-06,fatigue,5
b899be25,hypothyroid_04,2024-11-06,mood_swings,5
aa47cdcd,hypothyroid_04,2024-11-07,fatigue,5
92454c6b,hypothyroid_04,2024-11-07,cold_intolerance,5
157242e6,hypothyroid_04,2024-11-07,cramps,5
830952f3,hypothyroid_04,2024-11-08,fatigue,2
0249576f,hypothyroid_04,2024-11-08,cold_intolerance,4
f19e9d46,hypothyroid_04,2024-11-08,cramps,4
8e1a5456,hypothyroid_04,2024-11-09,fatigue,2
e44c93d8,hypothyroid_04,2024-11-09,mood_swings,5
aeeef331,hypothyroid_04,2024-11-09,bloating,2
fa2360b8,hypothyroid_04,2024-11-10,fatigue,4
e9b2999d,hypothyroid_04,2024-11-10,cold_intolerance,5
ab87d262,hypothyroid_04,2024-11-10,bloating,4
7c0c8c66,hypothyroid_04,2024-11-11,cold_intolerance,5
dad77f4c,hypothyroid_04,2024-11-11,mood_swings,2
629a5a7a,hypothyroid_04,2024-11-11,cramps,3
2682aa97,hypothyroid_04,2024-11-12,cold_intolerance,3
c8bec608,hypothyroid_04,2024-11-12,mood_swings,5
ef37b288,hypothyroid_04,2024-11-12,cramps,5
f356fbea,hypothyroid_04,2024-11-13,fatigue,5
4f98a1a5,hypothyroid_04,2024-11-13,cold_intolerance,2
7c83ecc3,hypothyroid_04,2024-11-13,cramps,3
af6569fa,hypothyroid_04,2024-11-30,fatigue,4
50bd6277,hypothyroid_04,2024-12-01,fatigue,5
cf80f65d,hypothyroid_04,2024-12-01,cold_intolerance,4
db3abb86,hypothyroid_04,2024-12-01,bloating,5
1a64065d,hypothyroid_04,2024-12-02,fatigue,5
6a302c88,hypothyroid_04,2024-12-02,cold_intolerance,3
bf3de87c,hypothyroid_04,2024-12-03,fatigue,5
f936d364,hypothyroid_04,2024-12-03,mood_swings,4
c2c5d6ea,hypothyroid_04,2024-12-04,fatigue,4
c782e85b,hypothyroid_04,2024-12-04,cold_intolerance,3
a2448bed,hypothyroid_04,2024-12-04,bloating,5
f1622de4,hypothyroid_04,2024-12-05,fatigue,2
bba773cf,hypothyroid_04,2024-12-05,cold_intolerance,5
e84b6ba9,hypothyroid_04,2024-12-05,cramps,5
ea9bed43,hypothyroid_04,2024-12-05,bloating,3
9b19301c,hypothyroid_04,2024-12-06,fatigue,2
8a4acf2a,hypothyroid_04,2024-12-06,cold_intolerance,3
9c1eeb57,hypothyroid_04,2024-12-07,fatigue,3
c0adb5ee,hypothyroid_04,2024-12-07,cramps,2
7dc442e9,hypothyroid_04,2024-12-08,fatigue,3
559cdefb,hypothyroid_04,2024-12-08,cold_intolerance,3
5e128c09,hypothyroid_04,2024-12-08,mood_swings,4
80fe092b,hypothyroid_04,2024-12-27,fatigue,2
9ee5c457,hypothyroid_04,2024-12-27,cold_intolerance,4
35438334,hypothyroid_04,2024-12-27,cramps,4
5b90ae71,hypothyroid_04,2024-12-27,bloating,3
a1f35a16,hypothyroid_04,2024-12-28,fatigue,3
03526d0c,hypothyroid_04,2024-12-28,mood_swings,3
dcfe1e5c,hypothyroid_04,2024-12-28,bloating,2
d47144d8,hypothyroid_04,2024-12-29,fatigue,4
bda9444f,hypothyroid_04,2024-12-29,cramps,2
55ae0a43,hypothyroid_04,2024-12-30,fatigue,2
418706ea,hypothyroid_04,2024-12-30,cold_intolerance,5
5359f7bc,hypothyroid_04,2024-12-30,mood_swings,4
c9a23afe,hypothyroid_04,2024-12-30,cramps,3
e02a0758,hypothyroid_04,2024-12-31,fatigue,4
cdf86f12,hypothyroid_04,2024-12-31,cold_intolerance,3
6fe55b7e,hypothyroid_04,2025-01-01,fatigue,2
349f8258,hypothyroid_04,2025-01-01,cold_intolerance,2
efc5e6f7,hypothyroid_04,2025-01-01,mood_swings,2
26bb25fb,hypothyroid_04,2025-01-01,cramps,5
acf82696,hypothyroid_04,2025-01-02,fatigue,3
851712e3,hypothyroid_04,2025-01-02,cold_intolerance,4
3e409686,hypothyroid_04,2025-01-03,fatigue,2
412b519b,hypothyroid_04,2025-01-03,cold_intolerance,4
70f9bc2d,hypothyroid_04,2025-01-04,fatigue,2
6cf0e392,hypothyroid_04,2025-01-04,cold_intolerance,3
5b338944,hypothyroid_04,2025-01-04,bloating,2
46823e22,hypothyroid_04,2025-01-28,fatigue,2
8fbbaebc,hypothyroid_04,2025-01-28,cold_intolerance,2
cb30ee77,hypothyroid_04,2025-01-29,fatigue,3
d2025424,hypothyroid_04,2025-01-29,cold_intolerance,3
b0ddb563,hypothyroid_04,2025-01-29,cramps,3
a4352e04,hypothyroid_04,2025-01-30,fatigue,4
9895d9ac,hypothyroid_04,2025-01-30,mood_swings,2
3de3b455,hypothyroid_04,2025-01-30,bloating,3
fad8da36,hypothyroid_04,2025-01-31,fatigue,4
e1db7631,hypothyroid_04,2025-01-31,mood_swings,5
4b4405b0,hypothyroid_04,2025-01-31,bloating,5
4dc38266,hypothyroid_04,2025-02-01,fatigue,5
e46c635a,hypothyroid_04,2025-02-02,fatigue,2
4db83104,hypothyroid_04,2025-02-02,cold_intolerance,5
5513a725,hypothyroid_04,2025-02-02,mood_swings,3
3fba16b5,hypothyroid_04,2025-02-02,cramps,2
d9560e3b,hypothyroid_04,2025-02-03,fatigue,3
8eb9f9f9,hypothyroid_04,2025-02-03,cold_intolerance,5
775b0655,hypothyroid_04,2025-02-03,mood_swings,3
22f6d11f,hypothyroid_04,2025-02-04,fatigue,4
5ec87187,hypothyroid_04,2025-02-04,cold_intolerance,3
14d73343,hypothyroid_04,2025-02-04,mood_swings,5
b4286883,hypothyroid_04,2025-02-04,bloating,4
b8f23ea0,hypothyroid_04,2025-03-07,fatigue,5
f00b7fb4,hypothyroid_04,2025-03-07,mood_swings,2
33f83489,hypothyroid_04,2025-03-07,bloating,3
daa6fd0f,hypothyroid_04,2025-03-08,fatigue,4
1f773c6c,hypothyroid_04,2025-03-08,cold_intolerance,2
101ef087,hypothyroid_04,2025-03-08,bloating,3
6b1c63cd,hypothyroid_04,2025-03-09,fatigue,3
ccab7511,hypothyroid_04,2025-03-09,cold_intolerance,4
5ad84345,hypothyroid_04,2025-03-09,cramps,2
3a351c52,hypothyroid_04,2025-03-09,bloating,5
fe490c8b,hypothyroid_04,2025-03-10,fatigue,5
810313c4,hypothyroid_04,2025-03-10,cold_intolerance,4
d9c872bf,hypothyroid_04,2025-03-10,mood_swings,4
e803405e,hypothyroid_04,2025-03-10,cramps,4
c104299d,hypothyroid_04,2025-03-10,bloating,4
b2fde23c,hypothyroid_04,2025-03-11,fatigue,5
352fd889,hypothyroid_04,2025-03-11,cold_intolerance,2
d1149ef8,hypothyroid_04,2025-03-12,fatigue,4
041f0cf7,hypothyroid_04,2025-03-12,cold_intolerance,3
27917910,hypothyroid_04,2025-03-12,bloating,3
20b01e0c,hypothyroid_04,2025-03-13,fatigue,5
f6a022ef,hypothyroid_04,2025-03-13,mood_swings,4
7685693f,hypothyroid_04,2025-03-13,cramps,5
af0b9fa3,hypothyroid_04,2025-03-14,mood_swings,2
b8aacc6f,hypothyroid_04,2025-03-14,cramps,5
96d235d6,hypothyroid_04,2025-03-15,fatigue,5
f56f6733,hypothyroid_04,2025-03-15,cold_intolerance,2
f56e3f17,hypothyroid_04,2025-03-15,mood_swings,4
c58ec14e,hypothyroid_04,2025-03-16,cramps,2
93f69895,hypothyroid_04,2025-03-17,fatigue,5
b1686ff7,hypothyroid_04,2025-03-17,cold_intolerance,5
8f16dee5,hypothyroid_04,2025-03-17,cramps,5
25f57b2c,hypothyroid_04,2025-04-13,cold_intolerance,3
53053b2c,hypothyroid_04,2025-04-13,mood_swings,4
d1c8b9f5,hypothyroid_04,2025-04-13,cramps,3
bc9b69f8,hypothyroid_04,2025-04-14,fatigue,3
5d1b550f,hypothyroid_04,2025-04-14,cold_intolerance,5
947a33c6,hypothyroid_04,2025-04-14,cramps,5
7998d61c,hypothyroid_04,2025-04-15,fatigue,3
f3ba8360,hypothyroid_04,2025-04-15,cold_intolerance,5
1b0580e7,hypothyroid_04,2025-04-15,mood_swings,2
b54a25ab,hypothyroid_04,2025-04-15,cramps,3
39ddfb6e,hypothyroid_04,2025-04-15,bloating,4
d356cfbb,hypothyroid_04,2025-04-16,mood_swings,3
6524266a,hypothyroid_04,2025-04-17,cold_intolerance,3
fdeee871,hypothyroid_04,2025-04-17,cramps,2
5f02d90f,hypothyroid_04,2025-04-17,bloating,2
5090c967,hypothyroid_04,2025-04-18,fatigue,2
d0bfd47e,hypothyroid_04,2025-04-18,cold_intolerance,5
40f3890b,hypothyroid_04,2025-04-18,cramps,2
a5b38581,hypothyroid_04,2025-04-19,fatigue,3
864da737,hypothyroid_04,2025-04-20,fatigue,2
49d68c12,hypothyroid_04,2025-04-20,cold_intolerance,5
08c2d4fc,hypothyroid_04,2025-04-20,mood_swings,5
82a90ade,hypothyroid_04,2025-04-20,cramps,5
3041c6de,hypothyroid_04,2025-04-21,fatigue,5
70784ccf,hypothyroid_04,2025-04-21,cold_intolerance,3
ed53d109,hypothyroid_04,2025-04-21,mood_swings,2
5027e7ab,hypothyroid_04,2025-04-21,cramps,3
d3591fde,hypothyroid_04,2025-04-21,bloating,3
e826b918,hypothyroid_04,2025-04-22,fatigue,3
d02e7bd2,hypothyroid_04,2025-04-22,cold_intolerance,5
67ec7d8d,hypothyroid_04,2025-04-22,cramps,2
051ea644,hypothyroid_04,2025-04-23,fatigue,5
29351902,hypothyroid_04,2025-04-23,cold_intolerance,2
07dfec4c,hypothyroid_04,2025-04-24,fatigue,2
59587aa9,hypothyroid_04,2025-04-24,cold_intolerance,4
e2677193,hypothyroid_04,2025-04-24,mood_swings,2
42bbfb8b,hypothyroid_04,2025-04-24,cramps,5
3977e7cc,hypothyroid_04,2025-05-17,fatigue,4
d27de1f0,hypothyroid_04,2025-05-17,mood_swings,3
137dda07,hypothyroid_04,2025-05-17,bloating,4
5005a876,hypothyroid_04,2025-05-18,fatigue,3
5099afdc,hypothyroid_04,2025-05-18,cold_intolerance,2
2896b903,hypothyroid_04,2025-05-18,cramps,4
517f3e58,hypothyroid_04,2025-05-19,fatigue,2
c1215c93,hypothyroid_04,2025-05-19,cold_intolerance,5
7820e287,hypothyroid_04,2025-05-19,mood_swings,3
baa1494f,hypothyroid_04,2025-05-19,cramps,4
2b0354c6,hypothyroid_04,2025-05-19,bloating,5
051e261a,hypothyroid_04,2025-05-20,fatigue,3
c3ebe251,hypothyroid_04,2025-05-20,mood_swings,4
ff80a48c,hypothyroid_04,2025-05-21,fatigue,2
9c639eab,hypothyroid_04,2025-05-21,cold_intolerance,5
b9ab9de6,hypothyroid_04,2025-05-21,mood_swings,5
47adfb3b,hypothyroid_04,2025-05-21,cramps,4
08fa10c0,hypothyroid_04,2025-05-22,fatigue,4
22951e26,hypothyroid_04,2025-05-22,cold_intolerance,5
608dbca1,hypothyroid_04,2025-05-22,mood_swings,2
9bcf96bc,hypothyroid_04,2025-05-23,fatigue,5
4831d62c,hypothyroid_04,2025-05-23,cramps,2
3b44003f,hypothyroid_04,2025-05-24,cold_intolerance,5
066b346a,hypothyroid_04,2025-05-24,mood_swings,2
b9e1bd98,hypothyroid_04,2025-05-25,fatigue,2
c856c850,hypothyroid_04,2025-06-21,cold_intolerance,4
7b62647b,hypothyroid_04,2025-06-21,mood_swings,4
98e1937d,hypothyroid_04,2025-06-21,cramps,4
a5a4ea5d,hypothyroid_04,2025-06-21,bloating,2
71e2201e,hypothyroid_04,2025-06-22,fatigue,4
85ee1ff7,hypothyroid_04,2025-06-22,cold_intolerance,4
7ad91c24,hypothyroid_04,2025-06-22,mood_swings,2
48a9ab33,hypothyroid_04,2025-06-23,fatigue,5
4b2ffe48,hypothyroid_04,2025-06-23,cold_intolerance,5
1b6979ba,hypothyroid_04,2025-06-23,cramps,2
64e0b361,hypothyroid_04,2025-06-24,fatigue,5
ba67a017,hypothyroid_04,2025-06-24,mood_swings,4
4aa12674,hypothyroid_04,2025-06-24,cramps,3
ce8d6e0e,hypothyroid_04,2025-06-25,fatigue,4
93a1bc23,hypothyroid_04,2025-06-25,cold_intolerance,4
ce84ce07,hypothyroid_04,2025-06-25,mood_swings,4
766e5267,hypothyroid_04,2025-06-26,fatigue,3
11996736,hypothyroid_04,2025-06-26,cold_intolerance,2
7ce59ae4,hypothyroid_04,2025-06-26,bloating,3
e330f404,hypothyroid_04,2025-06-27,fatigue,2
40a22a18,hypothyroid_04,2025-06-27,cold_intolerance,4
36d76564,hypothyroid_04,2025-06-27,bloating,4
d398fc7b,hypothyroid_04,2025-06-28,fatigue,2
402ae373,hypothyroid_04,2025-06-28,cold_intolerance,2
0e8731fb,hypothyroid_04,2025-06-28,mood_swings,4
892f7242,hypothyroid_04,2025-06-28,cramps,4
2d553303,hypothyroid_04,2025-06-28,bloating,5
383bb677,hypothyroid_04,2025-06-29,fatigue,5
0460aaaf,hypothyroid_04,2025-06-29,mood_swings,3
0e6fa4dd,hypothyroid_04,2025-06-29,bloating,5
37b8e4aa,hypothyroid_04,2025-06-30,fatigue,2
d591e320,hypothyroid_04,2025-06-30,cramps,4
82abaf68,hypothyroid_04,2025-07-01,fatigue,2
65d53e41,hypothyroid_04,2025-07-01,cramps,5
96c895d8,hypothyroid_04,2025-07-31,fatigue,4
8766652e,hypothyroid_04,2025-07-31,mood_swings,3
3d868364,hypothyroid_04,2025-08-01,fatigue,5
22ada2ba,hypothyroid_04,2025-08-01,cold_intolerance,4
8611a2c8,hypothyroid_04,2025-08-02,fatigue,5
fb13d1e2,hypothyroid_04,2025-08-02,cold_intolerance,2
b1ebd0ae,hypothyroid_04,2025-08-02,mood_swings,5
0eefd843,hypothyroid_04,2025-08-02,cramps,5
82ab5feb,hypothyroid_04,2025-08-03,fatigue,3
41ea7b19,hypothyroid_04,2025-08-03,cold_intolerance,4
76748525,hypothyroid_04,2025-08-03,mood_swings,5
4bdfc309,hypothyroid_04,2025-08-04,cold_intolerance,4
32ae8f82,hypothyroid_04,2025-08-04,mood_swings,2
c8d61ace,hypothyroid_04,2025-08-05,fatigue,3
9bea4d83,hypothyroid_04,2025-08-05,cramps,2
e27aec40,hypothyroid_04,2025-08-05,bloating,2
6f301637,hypothyroid_04,2025-08-06,fatigue,4
2abcbba4,hypothyroid_04,2025-08-06,cramps,5
ffbbba57,hypothyroid_04,2025-08-07,cold_intolerance,5
f10735ba,hypothyroid_04,2025-08-07,mood_swings,4
3850b082,hypothyroid_04,2025-08-08,cold_intolerance,2
73caa65a,hypothyroid_04,2025-08-08,mood_swings,5
e46a0a36,hypothyroid_04,2025-08-08,cramps,4
ed5dc88d,hypothyroid_04,2025-08-08,bloating,4
641fb51d,hypothyroid_04,2025-08-09,fatigue,5
db5f0999,hypothyroid_04,2025-08-09,cold_intolerance,5
094d3d9d,hypothyroid_04,2025-08-09,cramps,2
1d1635dc,hypothyroid_04,2025-08-09,bloating,2
e8f5ef77,hypothyroid_05,2024-01-01,fatigue,4
c86fa518,hypothyroid_05,2024-01-01,cold_intolerance,4
afc86a96,hypothyroid_05,2024-01-01,mood_swings,2
55b54b2d,hypothyroid_05,2024-01-02,cold_intolerance,5
d87681df,hypothyroid_05,2024-01-02,mood_swings,5
6c636ab5,hypothyroid_05,2024-01-02,cramps,5
c4b2e982,hypothyroid_05,2024-01-03,fatigue,4
bdfcf64d,hypothyroid_05,2024-01-03,bloating,4
17eb809f,hypothyroid_05,2024-01-04,fatigue,4
061539fa,hypothyroid_05,2024-01-04,cold_intolerance,4
5f2e274a,hypothyroid_05,2024-01-04,mood_swings,2
1b8e17ca,hypothyroid_05,2024-01-04,cramps,2
4c3a4232,hypothyroid_05,2024-01-05,fatigue,5
3fb977cd,hypothyroid_05,2024-01-05,cold_intolerance,4
5f630403,hypothyroid_05,2024-01-05,cramps,4
29d49095,hypothyroid_05,2024-01-06,fatigue,5
10ee2d08,hypothyroid_05,2024-01-06,cold_intolerance,3
dcfcbff7,hypothyroid_05,2024-01-06,bloating,5
bb16028c,hypothyroid_05,2024-01-07,fatigue,2
5f74f14d,hypothyroid_05,2024-01-07,cold_intolerance,5
4f0bc291,hypothyroid_05,2024-01-07,mood_swings,3
40e2d707,hypothyroid_05,2024-01-08,fatigue,3
e7c6bcee,hypothyroid_05,2024-01-08,cold_intolerance,5
259eb4de,hypothyroid_05,2024-01-08,mood_swings,2
192421d3,hypothyroid_05,2024-01-08,cramps,3
d62658cb,hypothyroid_05,2024-01-09,cold_intolerance,3
84cd1931,hypothyroid_05,2024-01-09,mood_swings,2
46fa75bc,hypothyroid_05,2024-01-09,cramps,4
c538d6e6,hypothyroid_05,2024-01-09,bloating,4
06fd587c,hypothyroid_05,2024-02-06,fatigue,2
73bc1a27,hypothyroid_05,2024-02-06,cold_intolerance,2
1c6aaf53,hypothyroid_05,2024-02-06,mood_swings,2
39ebbf5d,hypothyroid_05,2024-02-06,cramps,5
6dac097d,hypothyroid_05,2024-02-07,fatigue,3
fdab3b73,hypothyroid_05,2024-02-07,cold_intolerance,2
a0df3bca,hypothyroid_05,2024-02-07,mood_swings,4
d4ee6b4b,hypothyroid_05,2024-02-07,cramps,4
98556773,hypothyroid_05,2024-02-07,bloating,5
c47014b8,hypothyroid_05,2024-02-08,mood_swings,2
7aace3ae,hypothyroid_05,2024-02-08,bloating,5
4f6e5678,hypothyroid_05,2024-02-09,fatigue,4
8114265d,hypothyroid_05,2024-02-09,mood_swings,2
2664b064,hypothyroid_05,2024-02-10,fatigue,5
fb3219e6,hypothyroid_05,2024-02-10,cold_intolerance,4
b795cf3d,hypothyroid_05,2024-02-10,cramps,3
310740d6,hypothyroid_05,2024-02-11,fatigue,2
a6efb5a2,hypothyroid_05,2024-02-11,cold_intolerance,3
8d9cd5ac,hypothyroid_05,2024-02-12,fatigue,5
81a7c073,hypothyroid_05,2024-02-12,cold_intolerance,2
a9dae4b3,hypothyroid_05,2024-02-12,mood_swings,5
d8faa22e,hypothyroid_05,2024-02-12,cramps,3
d7f9edd5,hypothyroid_05,2024-02-13,cold_intolerance,5
f59e237f,hypothyroid_05,2024-02-13,cramps,4
8acc3829,hypothyroid_05,2024-02-13,bloating,2
167b2e8f,hypothyroid_05,2024-02-14,fatigue,2
d45fe16b,hypothyroid_05,2024-02-14,cold_intolerance,3
98a3b338,hypothyroid_05,2024-02-14,mood_swings,4
806bf976,hypothyroid_05,2024-02-14,cramps,3
0d5443c1,hypothyroid_05,2024-02-14,bloating,3
d46737f9,hypothyroid_05,2024-03-13,fatigue,3
aa60d27b,hypothyroid_05,2024-03-13,cold_intolerance,5
f6548b4d,hypothyroid_05,2024-03-13,mood_swings,2
7c5a3213,hypothyroid_05,2024-03-13,cramps,3
4041ef7b,hypothyroid_05,2024-03-13,bloating,3
8fbc4762,hypothyroid_05,2024-03-14,fatigue,5
d77ec2c7,hypothyroid_05,2024-03-14,cold_intolerance,3
ff632dd1,hypothyroid_05,2024-03-14,mood_swings,5
2b74b9e9,hypothyroid_05,2024-03-14,cramps,3
ba7306e6,hypothyroid_05,2024-03-15,fatigue,3
6dd23fbe,hypothyroid_05,2024-03-15,bloating,3
beb62d60,hypothyroid_05,2024-03-16,fatigue,2
c29e706c,hypothyroid_05,2024-03-16,cold_intolerance,4
87b0c47e,hypothyroid_05,2024-03-16,cramps,5
741b69c9,hypothyroid_05,2024-03-17,fatigue,3
0fa1cb47,hypothyroid_05,2024-03-17,cold_intolerance,4
579cb7ba,hypothyroid_05,2024-03-17,mood_swings,4
b15541ac,hypothyroid_05,2024-03-17,cramps,2
962021f9,hypothyroid_05,2024-03-18,fatigue,2
a58afe53,hypothyroid_05,2024-03-18,mood_swings,4
40ea8202,hypothyroid_05,2024-03-18,bloating,4
07d42ed2,hypothyroid_05,2024-03-19,fatigue,3
74dc8f57,hypothyroid_05,2024-03-19,mood_swings,5
7125cd42,hypothyroid_05,2024-03-19,cramps,2
04f5794f,hypothyroid_05,2024-03-19,bloating,3
1a1db99b,hypothyroid_05,2024-03-20,fatigue,2
6e87c51e,hypothyroid_05,2024-03-20,mood_swings,4
d3fbeab4,hypothyroid_05,2024-03-20,bloating,3
2d5ec05d,hypothyroid_05,2024-03-21,fatigue,5
8673974f,hypothyroid_05,2024-03-21,cramps,3
07d160fe,hypothyroid_05,2024-03-22,fatigue,3
be6324e4,hypothyroid_05,2024-03-22,cold_intolerance,2
39a42761,hypothyroid_05,2024-03-22,mood_swings,2
fde5726c,hypothyroid_05,2024-04-15,cold_intolerance,3
563fa77e,hypothyroid_05,2024-04-15,cramps,5
58ec6523,hypothyroid_05,2024-04-16,fatigue,4
3450c114,hypothyroid_05,2024-04-16,cold_intolerance,4
b52eda16,hypothyroid_05,2024-04-16,mood_swings,4
91e7499b,hypothyroid_05,2024-04-16,cramps,2
b4bdbce6,hypothyroid_05,2024-04-17,fatigue,4
50bdcbf3,hypothyroid_05,2024-04-17,mood_swings,5
82df3d9a,hypothyroid_05,2024-04-17,cramps,5
d0ecee50,hypothyroid_05,2024-04-18,fatigue,3
745744b4,hypothyroid_05,2024-04-18,cold_intolerance,5
2e5bd87c,hypothyroid_05,2024-04-18,mood_swings,2
251cd735,hypothyroid_05,2024-04-19,fatigue,2
2a781eb6,hypothyroid_05,2024-04-19,cold_intolerance,5
ad9fd42c,hypothyroid_05,2024-04-19,mood_swings,4
ad19c30e,hypothyroid_05,2024-04-21,fatigue,5
5f63f725,hypothyroid_05,2024-04-21,cold_intolerance,5
4b2874dc,hypothyroid_05,2024-04-21,cramps,3
28871abb,hypothyroid_05,2024-04-22,fatigue,5
fb7a5104,hypothyroid_05,2024-05-16,fatigue,4
90703923,hypothyroid_05,2024-05-16,mood_swings,4
40de27d1,hypothyroid_05,2024-05-17,fatigue,5
2d1fefd8,hypothyroid_05,2024-05-17,mood_swings,3
dabdbdb5,hypothyroid_05,2024-05-17,cramps,3
35c59179,hypothyroid_05,2024-05-18,fatigue,5
7f217f35,hypothyroid_05,2024-05-18,cold_intolerance,2
907a93c8,hypothyroid_05,2024-05-18,mood_swings,2
9b4a666a,hypothyroid_05,2024-05-19,fatigue,4
f47356ef,hypothyroid_05,2024-05-19,cold_intolerance,4
1e76df17,hypothyroid_05,2024-05-19,mood_swings,2
ea734038,hypothyroid_05,2024-05-19,cramps,2
8e4bf237,hypothyroid_05,2024-05-19,bloating,5
e8df1120,hypothyroid_05,2024-05-20,fatigue,3
f9a060f0,hypothyroid_05,2024-05-20,cold_intolerance,3
38cebb82,hypothyroid_05,2024-05-21,fatigue,5
d577c33a,hypothyroid_05,2024-05-21,cold_intolerance,3
9f5fc497,hypothyroid_05,2024-05-21,mood_swings,5
874a4134,hypothyroid_05,2024-05-22,fatigue,3
892fc56e,hypothyroid_05,2024-05-22,mood_swings,5
e87120ba,hypothyroid_05,2024-05-23,fatigue,4
3a7bba5f,hypothyroid_05,2024-05-23,cold_intolerance,4
bd87bf31,hypothyroid_05,2024-05-23,mood_swings,2
8fc38615,hypothyroid_05,2024-05-23,cramps,2
bca29fc1,hypothyroid_05,2024-05-24,fatigue,4
7649c938,hypothyroid_05,2024-05-24,cold_intolerance,4
d8917e35,hypothyroid_05,2024-05-24,mood_swings,5
1c9c4ed4,hypothyroid_05,2024-05-25,fatigue,4
76d3353f,hypothyroid_05,2024-05-25,cold_intolerance,4
77d36e58,hypothyroid_05,2024-06-16,fatigue,3
3ac45740,hypothyroid_05,2024-06-17,fatigue,2
f8191dcc,hypothyroid_05,2024-06-17,cold_intolerance,2
54e38346,hypothyroid_05,2024-06-17,cramps,2
1197f8c6,hypothyroid_05,2024-06-17,bloating,3
e2ae47b4,hypothyroid_05,2024-06-18,fatigue,5
ace01944,hypothyroid_05,2024-06-18,cold_intolerance,4
16043002,hypothyroid_05,2024-06-19,fatigue,5
dd59c099,hypothyroid_05,2024-06-19,cold_intolerance,5
8618ddeb,hypothyroid_05,2024-06-19,mood_swings,4
8ebfac2d,hypothyroid_05,2024-06-19,bloating,3
ff432ebc,hypothyroid_05,2024-06-20,fatigue,5
d9be0c49,hypothyroid_05,2024-06-20,cold_intolerance,2
cce01375,hypothyroid_05,2024-06-20,mood_swings,5
3eb6e05e,hypothyroid_05,2024-06-20,cramps,5
e576ff34,hypothyroid_05,2024-06-21,cold_intolerance,2
e29a5e55,hypothyroid_05,2024-06-21,mood_swings,5
18361305,hypothyroid_05,2024-06-21,cramps,4
d729d440,hypothyroid_05,2024-06-21,bloating,3
2824825a,hypothyroid_05,2024-06-22,fatigue,4
b21f45cb,hypothyroid_05,2024-06-22,mood_swings,5
dbcead6d,hypothyroid_05,2024-06-22,bloating,3
3c236783,hypothyroid_05,2024-06-23,fatigue,5
317167dc,hypothyroid_05,2024-06-23,cramps,3
ede62a83,hypothyroid_05,2024-06-24,fatigue,2
2ab60b1f,hypothyroid_05,2024-06-24,mood_swings,3
db410e12,hypothyroid_05,2024-06-24,cramps,2
386bf381,hypothyroid_05,2024-07-26,fatigue,3
c12ad504,hypothyroid_05,2024-07-26,cold_intolerance,5
059c459c,hypothyroid_05,2024-07-26,mood_swings,2
2236ec7b,hypothyroid_05,2024-07-26,bloating,2
79536052,hypothyroid_05,2024-07-27,fatigue,3
e202a3c3,hypothyroid_05,2024-07-27,cold_intolerance,4
c3868a6f,hypothyroid_05,2024-07-27,cramps,2
b1d529c3,hypothyroid_05,2024-07-28,fatigue,2
b465c52d,hypothyroid_05,2024-07-28,mood_swings,5
17fa7aa7,hypothyroid_05,2024-07-29,mood_swings,4
46be6487,hypothyroid_05,2024-07-29,cramps,3
d5b2e917,hypothyroid_05,2024-07-30,fatigue,4
b2ad4619,hypothyroid_05,2024-07-30,cold_intolerance,4
dba0e17e,hypothyroid_05,2024-07-30,cramps,2
44fa244d,hypothyroid_05,2024-07-31,fatigue,5
18191269,hypothyroid_05,2024-07-31,mood_swings,2
0fc0e0d0,hypothyroid_05,2024-08-01,fatigue,3
405a70aa,hypothyroid_05,2024-08-01,cold_intolerance,2
f2aac717,hypothyroid_05,2024-08-02,fatigue,3
c03b7f0e,hypothyroid_05,2024-08-02,cold_intolerance,5
2e963a70,hypothyroid_05,2024-08-02,mood_swings,4
4ba5912e,hypothyroid_05,2024-08-02,cramps,2
b3cf4ed1,hypothyroid_05,2024-08-03,cold_intolerance,3
f260c91e,hypothyroid_05,2024-08-03,mood_swings,4
7c2314f8,hypothyroid_05,2024-08-29,fatigue,5
66cd8964,hypothyroid_05,2024-08-29,cold_intolerance,5
71deccdc,hypothyroid_05,2024-08-29,mood_swings,5
124e28a0,hypothyroid_05,2024-08-29,cramps,4
43689464,hypothyroid_05,2024-08-30,fatigue,4
f969006a,hypothyroid_05,2024-08-30,cold_intolerance,5
71286c64,hypothyroid_05,2024-08-31,fatigue,3
f5b934ad,hypothyroid_05,2024-08-31,cold_intolerance,3
6354d714,hypothyroid_05,2024-08-31,cramps,5
04e1e3f5,hypothyroid_05,2024-09-01,fatigue,4
e856423c,hypothyroid_05,2024-09-01,cold_intolerance,5
9399fc37,hypothyroid_05,2024-09-01,mood_swings,3
b417f135,hypothyroid_05,2024-09-01,cramps,5
daf1d934,hypothyroid_05,2024-09-01,bloating,4
335bfaff,hypothyroid_05,2024-09-02,fatigue,5
4ea44dc9,hypothyroid_05,2024-09-02,cramps,5
e28829aa,hypothyroid_05,2024-09-03,fatigue,3
83eac75c,hypothyroid_05,2024-09-03,cold_intolerance,5
830498f4,hypothyroid_05,2024-09-03,mood_swings,2
81865823,hypothyroid_05,2024-09-03,cramps,3
17e305c4,hypothyroid_05,2024-09-04,fatigue,2
9eb0482e,hypothyroid_05,2024-09-04,cold_intolerance,2
047c9feb,hypothyroid_05,2024-09-04,mood_swings,3
dc6630f5,hypothyroid_05,2024-09-04,cramps,3
79144371,hypothyroid_05,2024-09-05,fatigue,4
e42a5858,hypothyroid_05,2024-09-05,cold_intolerance,5
8505f524,hypothyroid_05,2024-09-05,bloating,5
062f227c,hypothyroid_05,2024-09-06,cold_intolerance,5
9aed309a,hypothyroid_05,2024-09-06,cramps,5
5acdb0f7,hypothyroid_05,2024-09-06,bloating,2
5637b8df,hypothyroid_05,2024-09-07,mood_swings,2
b6a4b6c7,hypothyroid_05,2024-09-07,cramps,5
b80be480,hypothyroid_05,2024-09-07,bloating,4
78e3d5f2,hypothyroid_05,2024-09-08,cramps,4
4a04ed98,hypothyroid_05,2024-10-09,fatigue,2
d28b7dfc,hypothyroid_05,2024-10-09,cold_intolerance,5
c176d852,hypothyroid_05,2024-10-09,mood_swings,4
dcc8e7db,hypothyroid_05,2024-10-09,cramps,2
91c79c8c,hypothyroid_05,2024-10-10,cold_intolerance,2
cc2761b0,hypothyroid_05,2024-10-11,fatigue,2
418c781a,hypothyroid_05,2024-10-11,cold_intolerance,2
253a820a,hypothyroid_05,2024-10-11,cramps,5
c2ffd25b,hypothyroid_05,2024-10-11,bloating,3
4c30f0f9,hypothyroid_05,2024-10-12,fatigue,5
03161709,hypothyroid_05,2024-10-12,cold_intolerance,2
8741c1ef,hypothyroid_05,2024-10-13,fatigue,3
32990ecf,hypothyroid_05,2024-10-13,cold_intolerance,5
31bc1b3b,hypothyroid_05,2024-10-13,cramps,2
cc20a409,hypothyroid_05,2024-10-14,fatigue,2
b6febb63,hypothyroid_05,2024-10-14,cold_intolerance,2
61d2fe14,hypothyroid_05,2024-10-14,mood_swings,5
833a3fba,hypothyroid_05,2024-10-15,fatigue,3
a2d06fef,hypothyroid_05,2024-10-15,mood_swings,5
2b5dbfc1,hypothyroid_05,2024-10-15,cramps,5
ecc3b730,hypothyroid_05,2024-10-15,bloating,2
f2259077,hypothyroid_05,2024-10-16,cold_intolerance,3
5447340e,hypothyroid_05,2024-10-16,mood_swings,3
d428c41c,hypothyroid_05,2024-10-16,bloating,3
ff6171fa,hypothyroid_05,2024-10-17,fatigue,5
1c202a2c,hypothyroid_05,2024-10-17,cold_intolerance,5
ebfeb334,hypothyroid_05,2024-10-17,cramps,4
af659415,hypothyroid_05,2024-10-17,bloating,5
438006bf,hypothyroid_05,2024-10-18,fatigue,5
7b6a528e,hypothyroid_05,2024-10-19,fatigue,4
a0aac253,hypothyroid_05,2024-10-19,cold_intolerance,2
8532d7c9,hypothyroid_05,2024-10-19,cramps,2
0ab3ea65,hypothyroid_05,2024-11-19,cold_intolerance,4
dd041ec1,hypothyroid_05,2024-11-19,mood_swings,2
cd928746,hypothyroid_05,2024-11-20,fatigue,2
80de2f2f,hypothyroid_05,2024-11-20,cold_intolerance,2
9cf89635,hypothyroid_05,2024-11-21,fatigue,4
c3fc099a,hypothyroid_05,2024-11-21,mood_swings,2
30593239,hypothyroid_05,2024-11-21,cramps,3
fd64e609,hypothyroid_05,2024-11-21,bloating,2
df1f8ea3,hypothyroid_05,2024-11-22,fatigue,4
2ca7ba71,hypothyroid_05,2024-11-23,fatigue,3
7a8ba399,hypothyroid_05,2024-11-23,bloating,5
0a9fb0f7,hypothyroid_05,2024-11-24,fatigue,5
8947d32c,hypothyroid_05,2024-11-25,fatigue,5
21ec1f6c,hypothyroid_05,2024-11-25,mood_swings,5
30d01f9c,hypothyroid_05,2024-11-26,fatigue,4
f8491264,hypothyroid_05,2024-11-26,cramps,4
b616e487,hypothyroid_05,2024-11-26,bloating,5
6f544979,hypothyroid_05,2024-11-27,fatigue,4
94d771c8,hypothyroid_05,2024-11-27,cold_intolerance,3
1c46144f,hypothyroid_05,2024-11-27,cramps,5
3bf0a3a5,hypothyroid_05,2024-11-28,fatigue,2
81bb3e97,hypothyroid_05,2024-11-28,cold_intolerance,3
4f19ba4a,hypothyroid_05,2024-11-28,cramps,5
54a51dc7,hypothyroid_05,2024-12-17,fatigue,3
9dc8725c,hypothyroid_05,2024-12-17,cold_intolerance,3
ac21726f,hypothyroid_05,2024-12-17,cramps,5
e00a4d67,hypothyroid_05,2024-12-18,fatigue,3
6099b4d3,hypothyroid_05,2024-12-18,mood_swings,2
6a326cc6,hypothyroid_05,2024-12-18,cramps,4
356b9033,hypothyroid_05,2024-12-19,fatigue,3
d5f5eec7,hypothyroid_05,2024-12-19,mood_swings,3
418dcd33,hypothyroid_05,2024-12-19,cramps,5
dd154ea0,hypothyroid_05,2024-12-20,fatigue,2
747b76e7,hypothyroid_05,2024-12-20,cold_intolerance,4
b67eb017,hypothyroid_05,2024-12-21,fatigue,5
13cba5b3,hypothyroid_05,2024-12-21,mood_swings,5
4dbbeef7,hypothyroid_05,2024-12-22,fatigue,2
001403d9,hypothyroid_05,2024-12-22,cold_intolerance,4
35c0f193,hypothyroid_05,2024-12-23,fatigue,2
34bb6421,hypothyroid_05,2024-12-23,cold_intolerance,5
94523b89,hypothyroid_05,2024-12-23,mood_swings,2
e8cd8765,hypothyroid_05,2024-12-24,fatigue,2
81a3a05a,hypothyroid_05,2024-12-24,cold_intolerance,2
281605a2,hypothyroid_05,2024-12-25,fatigue,4
90cc80fa,hypothyroid_05,2024-12-25,cramps,2
d027062e,hypothyroid_05,2024-12-26,fatigue,3
b82b0f45,hypothyroid_05,2024-12-26,cold_intolerance,5
42326b33,hypothyroid_05,2024-12-26,mood_swings,3
aea6f857,hypothyroid_05,2024-12-27,fatigue,5
1fc7fbbf,hypothyroid_05,2024-12-27,cold_intolerance,3
5e7a5ed2,hypothyroid_05,2024-12-27,bloating,3
77a3473e,hypothyroid_05,2025-01-17,fatigue,2
38ccbb13,hypothyroid_05,2025-01-17,cold_intolerance,5
7d40ae75,hypothyroid_05,2025-01-17,cramps,3
9a136e02,hypothyroid_05,2025-01-18,fatigue,2
8cabdd5a,hypothyroid_05,2025-01-18,cold_intolerance,5
25c5418f,hypothyroid_05,2025-01-18,cramps,2
761b52f1,hypothyroid_05,2025-01-18,bloating,4
6feda202,hypothyroid_05,2025-01-19,fatigue,3
aa8e32c1,hypothyroid_05,2025-01-19,cold_intolerance,2
85412cc2,hypothyroid_05,2025-01-19,mood_swings,3
9ff7fbc4,hypothyroid_05,2025-01-19,cramps,3
d64b4df4,hypothyroid_05,2025-01-19,bloating,2
c4ebc2d3,hypothyroid_05,2025-01-20,fatigue,3
a6cfa9c1,hypothyroid_05,2025-01-21,fatigue,2
079a2d2d,hypothyroid_05,2025-01-21,cold_intolerance,5
1343c3ef,hypothyroid_05,2025-01-21,cramps,4
0e900c95,hypothyroid_05,2025-01-21,bloating,5
b0502ede,hypothyroid_05,2025-01-22,fatigue,4
2a1a54f6,hypothyroid_05,2025-01-22,cold_intolerance,3
6af6f21b,hypothyroid_05,2025-01-22,mood_swings,4
33d43e80,hypothyroid_05,2025-01-22,cramps,4
2cfe44dc,hypothyroid_05,2025-01-23,cold_intolerance,4
4a5aca14,hypothyroid_05,2025-01-23,mood_swings,5
2a45cb71,hypothyroid_05,2025-01-23,bloating,5
e08d0a86,hypothyroid_05,2025-01-24,fatigue,3
e7176c5c,hypothyroid_05,2025-01-24,cold_intolerance,2
f1048809,hypothyroid_05,2025-01-24,bloating,5
20d2112d,hypothyroid_05,2025-01-25,cold_intolerance,4
e5b5fb4f,hypothyroid_05,2025-01-25,cramps,3
423c7b63,hypothyroid_05,2025-02-22,fatigue,2
0d332fec,hypothyroid_05,2025-02-22,cold_intolerance,2
c3289692,hypothyroid_05,2025-02-22,mood_swings,4
163fd973,hypothyroid_05,2025-02-22,cramps,3
ba00d20a,hypothyroid_05,2025-02-23,fatigue,2
c399b843,hypothyroid_05,2025-02-24,fatigue,4
e2c53a38,hypothyroid_05,2025-02-24,mood_swings,5
3cfa50b7,hypothyroid_05,2025-02-24,cramps,3
59257ae5,hypothyroid_05,2025-02-25,fatigue,2
5c81ab4a,hypothyroid_05,2025-02-25,cold_intolerance,3
6c739ed4,hypothyroid_05,2025-02-25,cramps,4
9c704711,hypothyroid_05,2025-02-25,bloating,2
adccec69,hypothyroid_05,2025-02-26,fatigue,5
2666237c,hypothyroid_05,2025-02-26,cold_intolerance,3
82854c54,hypothyroid_05,2025-02-26,mood_swings,2
90c18222,hypothyroid_05,2025-02-26,cramps,5
50e2af0a,hypothyroid_05,2025-02-27,fatigue,4
0ea76992,hypothyroid_05,2025-02-27,cold_intolerance,3
e22b6652,hypothyroid_05,2025-02-27,cramps,2
1628f6f9,hypothyroid_05,2025-02-28,fatigue,5
2dc450b1,hypothyroid_05,2025-02-28,cold_intolerance,5
056eb068,hypothyroid_05,2025-02-28,mood_swings,3
8b3c13f6,hypothyroid_05,2025-02-28,cramps,4
14833cb6,hypothyroid_05,2025-03-01,fatigue,5
de50d479,hypothyroid_05,2025-03-01,mood_swings,3
487b641b,hypothyroid_05,2025-03-01,bloating,2
a09add93,hypothyroid_05,2025-03-02,fatigue,5
da529c6a,hypothyroid_05,2025-03-02,cold_intolerance,5
04383ca9,hypothyroid_05,2025-03-02,mood_swings,2
4681691a,hypothyroid_05,2025-03-02,bloating,2
bcc0af66,hypothyroid_05,2025-03-03,fatigue,2
de9da6f3,hypothyroid_05,2025-03-03,cold_intolerance,5
ba2379c0,hypothyroid_05,2025-03-03,cramps,4
52d1c055,hypothyroid_05,2025-03-03,bloating,5
d8b3b0b3,hypothyroid_05,2025-03-04,fatigue,5
4feebb4d,hypothyroid_05,2025-03-04,cold_intolerance,2
bfcb077b,hypothyroid_05,2025-03-04,mood_swings,5
fa91c934,hypothyroid_05,2025-03-28,fatigue,3
a10cfb45,hypothyroid_05,2025-03-28,cold_intolerance,2
812e46f9,hypothyroid_05,2025-03-28,mood_swings,3
74c60eea,hypothyroid_05,2025-03-28,cramps,5
4ac26264,hypothyroid_05,2025-03-29,cold_intolerance,4
f1a573bf,hypothyroid_05,2025-03-29,cramps,4
7b33317f,hypothyroid_05,2025-03-30,fatigue,4
e8b97de6,hypothyroid_05,2025-03-30,mood_swings,3
0ace5aba,hypothyroid_05,2025-03-30,cramps,5
bf3eba59,hypothyroid_05,2025-03-31,fatigue,2
bf736fa0,hypothyroid_05,2025-03-31,cold_intolerance,3
c907aff7,hypothyroid_05,2025-03-31,mood_swings,5
a22eb2db,hypothyroid_05,2025-03-31,cramps,3
bec6e7ef,hypothyroid_05,2025-03-31,bloating,3
48c45d74,hypothyroid_05,2025-04-01,fatigue,3
46ad946f,hypothyroid_05,2025-04-01,cold_intolerance,2
355b131f,hypothyroid_05,2025-04-01,cramps,3
f2fe75d2,hypothyroid_05,2025-04-01,bloating,3
52ce1b42,hypothyroid_05,2025-04-02,fatigue,5
af0cc61e,hypothyroid_05,2025-04-02,cold_intolerance,2
178ea623,hypothyroid_05,2025-04-02,mood_swings,2
6da91d7d,hypothyroid_05,2025-04-02,bloating,3
bec296f6,hypothyroid_05,2025-04-03,fatigue,4
639814fe,hypothyroid_05,2025-04-03,cold_intolerance,2
daaa0941,hypothyroid_05,2025-04-03,mood_swings,3
1dd55d7e,hypothyroid_05,2025-04-03,cramps,5
604a4c62,hypothyroid_05,2025-04-04,fatigue,3
37840f2d,hypothyroid_05,2025-04-04,cold_intolerance,4
6451bcad,hypothyroid_05,2025-04-04,mood_swings,5
1418a459,hypothyroid_05,2025-04-04,bloating,3
fec9f72a,hypothyroid_05,2025-04-05,fatigue,5
e5be814e,hypothyroid_05,2025-04-05,cold_intolerance,4
932811e1,hypothyroid_05,2025-04-05,cramps,2
87f80639,hypothyroid_05,2025-04-05,bloating,5
deff28c7,hypothyroid_05,2025-04-06,fatigue,4
9bea6a9e,hypothyroid_05,2025-04-06,cold_intolerance,2
d9df5be0,hypothyroid_05,2025-04-06,bloating,5
ea6cbd44,hypothyroid_05,2025-04-07,fatigue,5
7a0209c1,hypothyroid_05,2025-04-07,cold_intolerance,3
360673d9,hypothyroid_05,2025-04-07,mood_swings,4
e93ff99e,hypothyroid_05,2025-04-07,cramps,5
823227b0,hypothyroid_05,2025-04-08,fatigue,2
791baacf,hypothyroid_05,2025-04-08,cold_intolerance,3
74ba5d10,hypothyroid_05,2025-04-09,fatigue,2
a9a8e382,hypothyroid_05,2025-04-09,cold_intolerance,5
d044a7f5,hypothyroid_05,2025-04-09,cramps,3
7c966b98,hypothyroid_05,2025-05-01,fatigue,4
404d87a2,hypothyroid_05,2025-05-01,cold_intolerance,5
e67c349d,hypothyroid_05,2025-05-01,cramps,3
2ff0ee6f,hypothyroid_05,2025-05-02,fatigue,4
142b2641,hypothyroid_05,2025-05-02,cold_intolerance,5
4a3452c5,hypothyroid_05,2025-05-03,fatigue,4
f8c439bf,hypothyroid_05,2025-05-03,cold_intolerance,4
0c3a61f0,hypothyroid_05,2025-05-03,mood_swings,5
08255e21,hypothyroid_05,2025-05-03,cramps,4
d3ab5ce5,hypothyroid_05,2025-05-04,fatigue,3
2660587a,hypothyroid_05,2025-05-05,fatigue,4
4f655c47,hypothyroid_05,2025-05-05,cold_intolerance,5
1ae1bde3,hypothyroid_05,2025-05-05,mood_swings,5
2737ad44,hypothyroid_05,2025-05-06,fatigue,3
852d7046,hypothyroid_05,2025-05-06,cramps,4
029585e4,hypothyroid_05,2025-05-06,bloating,4
85815321,hypothyroid_05,2025-05-07,fatigue,4
8dc2120c,hypothyroid_05,2025-05-07,cold_intolerance,5
b8a7cbea,hypothyroid_05,2025-05-07,mood_swings,2
d772035c,hypothyroid_05,2025-05-07,cramps,2
12444695,hypothyroid_05,2025-05-07,bloating,3
c152bcef,hypothyroid_05,2025-05-08,fatigue,5
34bffa5c,hypothyroid_05,2025-05-08,cold_intolerance,3
182ad286,hypothyroid_05,2025-05-09,fatigue,2
8dda0db5,hypothyroid_05,2025-05-09,cold_intolerance,4
71c3646e,hypothyroid_05,2025-05-10,fatigue,3
05ab657a,hypothyroid_05,2025-05-10,cold_intolerance,2
fd42eaa5,hypothyroid_05,2025-05-10,mood_swings,2
4665d8d6,hypothyroid_05,2025-05-10,cramps,3
1d7060c9,hypothyroid_05,2025-05-11,fatigue,5
3377b470,hypothyroid_05,2025-05-11,cold_intolerance,2
9e7fa540,hypothyroid_05,2025-05-11,cramps,5
302bc121,hypothyroid_05,2025-05-12,mood_swings,3
f1be0c37,hypothyroid_05,2025-05-12,cramps,4
c784849b,hypothyroid_05,2025-05-28,cold_intolerance,3
36624b08,hypothyroid_05,2025-05-28,cramps,5
7ffe9a30,hypothyroid_05,2025-05-28,bloating,4
58229309,hypothyroid_05,2025-05-29,fatigue,3
c369bfe3,hypothyroid_05,2025-05-29,bloating,4
bd125af9,hypothyroid_05,2025-05-30,fatigue,5
2d443d2d,hypothyroid_05,2025-05-30,cold_intolerance,3
03e4bab9,hypothyroid_05,2025-05-30,cramps,4
ce769f57,hypothyroid_05,2025-05-30,bloating,5
9ef368bb,hypothyroid_05,2025-05-31,fatigue,4
14dac8b6,hypothyroid_05,2025-05-31,cold_intolerance,2
25000735,hypothyroid_05,2025-05-31,cramps,5
264a20df,hypothyroid_05,2025-06-01,fatigue,4
4b00e4c7,hypothyroid_05,2025-06-01,cold_intolerance,2
e000171b,hypothyroid_05,2025-06-01,cramps,2
9d1e5cd6,hypothyroid_05,2025-06-02,cold_intolerance,4
eed7aa75,hypothyroid_05,2025-06-02,mood_swings,2
519d2758,hypothyroid_05,2025-06-02,cramps,5
f4334713,hypothyroid_05,2025-06-02,bloating,4
60bead8e,hypothyroid_05,2025-06-03,fatigue,2
64442d61,hypothyroid_05,2025-06-03,cold_intolerance,3
ba0ad391,hypothyroid_05,2025-06-03,cramps,2
b5be4c90,hypothyroid_05,2025-06-04,fatigue,3
26c69f7e,hypothyroid_05,2025-06-04,cold_intolerance,4
9729e4c7,hypothyroid_05,2025-06-04,mood_swings,5
a159bc57,hypothyroid_05,2025-06-05,fatigue,4
8e87ea5a,hypothyroid_05,2025-06-05,cold_intolerance,2
19b02616,hypothyroid_05,2025-06-05,mood_swings,4
c82797a9,hypothyroid_05,2025-06-05,cramps,2
1cfe4b32,hypothyroid_05,2025-06-06,cold_intolerance,3
db17c76d,hypothyroid_05,2025-06-06,mood_swings,4
10e9b7c3,hypothyroid_05,2025-06-06,bloating,5
713699e3,hypothyroid_05,2025-07-03,fatigue,2
db124ad4,hypothyroid_05,2025-07-03,cold_intolerance,4
24f346a5,hypothyroid_05,2025-07-04,fatigue,5
bc81ac50,hypothyroid_05,2025-07-04,cramps,2
3473d45f,hypothyroid_05,2025-07-05,fatigue,2
71d548ac,hypothyroid_05,2025-07-05,cold_intolerance,3
86409930,hypothyroid_05,2025-07-05,mood_swings,3
1b8d8a41,hypothyroid_05,2025-07-05,cramps,4
c4c62c2d,hypothyroid_05,2025-07-05,bloating,4
a68c221b,hypothyroid_05,2025-07-06,mood_swings,3
c684afe0,hypothyroid_05,2025-07-06,cramps,2
460f7323,hypothyroid_05,2025-07-07,fatigue,2
1af864a4,hypothyroid_05,2025-07-07,cold_intolerance,2
b94a9b0b,hypothyroid_05,2025-07-07,mood_swings,5
2a4719dd,hypothyroid_05,2025-07-07,cramps,4
c74c32b3,hypothyroid_05,2025-07-08,fatigue,2
e42465db,hypothyroid_05,2025-07-08,mood_swings,3
b25fa31c,hypothyroid_05,2025-07-08,bloating,4
3334628e,hypothyroid_05,2025-07-09,cramps,5
5dd7dca9,hypothyroid_05,2025-07-10,fatigue,2
21962d10,hypothyroid_05,2025-07-10,cold_intolerance,2
0655a725,hypothyroid_05,2025-07-10,mood_swings,5
a25478c8,hypothyroid_05,2025-07-10,bloating,3
da04697f,hypothyroid_05,2025-07-11,mood_swings,3
da248d58,hypothyroid_05,2025-07-12,fatigue,5
062e9269,hypothyroid_05,2025-07-12,cold_intolerance,5
06238046,hypothyroid_05,2025-07-12,mood_swings,2
ff547051,hypothyroid_05,2025-07-12,cramps,2
509373c8,hypothyroid_05,2025-07-12,bloating,5
81530874,hypothyroid_05,2025-08-08,fatigue,5
ddca2aa8,hypothyroid_05,2025-08-08,cold_intolerance,4
578a9237,hypothyroid_05,2025-08-08,mood_swings,3
42d1450a,hypothyroid_05,2025-08-08,cramps,4
48898b40,hypothyroid_05,2025-08-09,fatigue,3
d120d659,hypothyroid_05,2025-08-09,cold_intolerance,4
092fb698,hypothyroid_05,2025-08-09,mood_swings,2
887f5a0c,hypothyroid_05,2025-08-09,cramps,5
fd9d49fc,hypothyroid_05,2025-08-10,fatigue,2
a515a667,hypothyroid_05,2025-08-10,cold_intolerance,4
236ffc88,hypothyroid_05,2025-08-10,cramps,4
fedc8fc8,hypothyroid_05,2025-08-10,bloating,5
731ef1f2,hypothyroid_05,2025-08-11,fatigue,2
c0338855,hypothyroid_05,2025-08-11,cold_intolerance,4
d4a760c8,hypothyroid_05,2025-08-11,mood_swings,2
479c60b5,hypothyroid_05,2025-08-12,fatigue,4
ea82dcbd,hypothyroid_05,2025-08-12,cold_intolerance,4
bde8e1a1,hypothyroid_05,2025-08-12,mood_swings,4
bbd86025,hypothyroid_05,2025-08-13,fatigue,2
05032df2,hypothyroid_05,2025-08-13,cold_intolerance,2
46c3de6e,hypothyroid_05,2025-08-14,fatigue,4
f67bcf21,hypothyroid_05,2025-08-14,cramps,4
0f541c45,hypothyroid_05,2025-08-15,fatigue,3
c54cb64f,hypothyroid_05,2025-08-15,mood_swings,2
81a1d987,hypothyroid_05,2025-08-15,cramps,5
ddf46697,hypothyroid_06,2024-01-01,fatigue,5
e5e0a545,hypothyroid_06,2024-01-01,cold_intolerance,2
eb1b5d64,hypothyroid_06,2024-01-02,fatigue,3
8330cb88,hypothyroid_06,2024-01-02,cold_intolerance,2
4571fd8b,hypothyroid_06,2024-01-02,mood_swings,3
e0a29d32,hypothyroid_06,2024-01-02,cramps,2
8888d83e,hypothyroid_06,2024-01-02,bloating,3
c91f8ffe,hypothyroid_06,2024-01-03,fatigue,3
e04d5b25,hypothyroid_06,2024-01-03,cold_intolerance,3
12ac565b,hypothyroid_06,2024-01-03,mood_swings,3
7e150f50,hypothyroid_06,2024-01-03,cramps,4
1796854d,hypothyroid_06,2024-01-04,cold_intolerance,4
d203c06e,hypothyroid_06,2024-01-04,bloating,2
2b011bba,hypothyroid_06,2024-01-05,fatigue,2
e5aaf3f7,hypothyroid_06,2024-01-05,cramps,2
03a21012,hypothyroid_06,2024-01-05,bloating,2
f871150e,hypothyroid_06,2024-01-06,fatigue,3
ebd9a339,hypothyroid_06,2024-01-06,cold_intolerance,2
f5dffae7,hypothyroid_06,2024-01-06,bloating,4
244a97a6,hypothyroid_06,2024-01-07,cramps,3
23221a07,hypothyroid_06,2024-01-08,fatigue,5
7801cc4c,hypothyroid_06,2024-01-08,cold_intolerance,4
09885aa2,hypothyroid_06,2024-01-08,bloating,5
6afe2020,hypothyroid_06,2024-01-31,fatigue,4
438b5a73,hypothyroid_06,2024-01-31,cold_intolerance,4
352a538c,hypothyroid_06,2024-01-31,bloating,4
3a80ba5a,hypothyroid_06,2024-02-01,fatigue,4
bbeecf10,hypothyroid_06,2024-02-01,mood_swings,2
c0796064,hypothyroid_06,2024-02-01,bloating,5
c4638260,hypothyroid_06,2024-02-02,fatigue,5
4c5c6053,hypothyroid_06,2024-02-02,cold_intolerance,3
31134d02,hypothyroid_06,2024-02-02,cramps,3
d2601a83,hypothyroid_06,2024-02-02,bloating,3
fcf998b2,hypothyroid_06,2024-02-03,fatigue,5
b5dd9769,hypothyroid_06,2024-02-03,bloating,3
0f089ffd,hypothyroid_06,2024-02-04,fatigue,2
d775eafd,hypothyroid_06,2024-02-04,cold_intolerance,2
0c6ab8da,hypothyroid_06,2024-02-04,mood_swings,5
0a5ef15d,hypothyroid_06,2024-02-04,cramps,3
f307d659,hypothyroid_06,2024-02-05,fatigue,2
7b85a871,hypothyroid_06,2024-02-05,cold_intolerance,4
4b34d0a6,hypothyroid_06,2024-02-06,fatigue,4
417ee895,hypothyroid_06,2024-02-06,cold_intolerance,2
c155e14a,hypothyroid_06,2024-02-06,cramps,2
3b12866e,hypothyroid_06,2024-02-07,fatigue,5
34c9238f,hypothyroid_06,2024-02-07,cold_intolerance,2
bf3f34c0,hypothyroid_06,2024-02-07,cramps,3
77acebc3,hypothyroid_06,2024-02-08,fatigue,5
fdaccb37,hypothyroid_06,2024-02-08,cold_intolerance,2
f01a682a,hypothyroid_06,2024-02-08,cramps,5
8311a5a1,hypothyroid_06,2024-02-09,fatigue,4
94a352ad,hypothyroid_06,2024-02-09,cold_intolerance,2
bf36ee98,hypothyroid_06,2024-02-09,mood_swings,4
4119dbab,hypothyroid_06,2024-02-09,cramps,5
e7d9db04,hypothyroid_06,2024-02-09,bloating,3
c27adba1,hypothyroid_06,2024-03-04,fatigue,2
fd6ef2ed,hypothyroid_06,2024-03-04,cold_intolerance,3
5c8fa17d,hypothyroid_06,2024-03-04,bloating,5
b9e7e532,hypothyroid_06,2024-03-05,fatigue,3
b902698c,hypothyroid_06,2024-03-05,cold_intolerance,5
d2c19d24,hypothyroid_06,2024-03-05,mood_swings,4
b7298ce7,hypothyroid_06,2024-03-05,cramps,5
1cd7cff8,hypothyroid_06,2024-03-06,fatigue,2
676029ae,hypothyroid_06,2024-03-06,cold_intolerance,3
555b28c4,hypothyroid_06,2024-03-06,mood_swings,3
926e6339,hypothyroid_06,2024-03-06,bloating,4
9f0a2131,hypothyroid_06,2024-03-07,fatigue,2
e0cd7e05,hypothyroid_06,2024-03-07,cold_intolerance,5
3bd0d55f,hypothyroid_06,2024-03-07,cramps,4
d9b3626a,hypothyroid_06,2024-03-07,bloating,5
b6155bc5,hypothyroid_06,2024-03-08,fatigue,4
3f099259,hypothyroid_06,2024-03-08,cold_intolerance,4
87935cf6,hypothyroid_06,2024-03-08,mood_swings,2
a66951a2,hypothyroid_06,2024-03-08,cramps,5
7c55767d,hypothyroid_06,2024-03-09,fatigue,3
e60b4f4d,hypothyroid_06,2024-03-09,cold_intolerance,4
1e88c641,hypothyroid_06,2024-03-09,mood_swings,3
9a7225ec,hypothyroid_06,2024-03-09,bloating,3
7291d97c,hypothyroid_06,2024-03-10,fatigue,4
85a94d83,hypothyroid_06,2024-03-10,cold_intolerance,4
2018000d,hypothyroid_06,2024-03-10,mood_swings,3
955123b7,hypothyroid_06,2024-03-10,bloating,3
ec19368e,hypothyroid_06,2024-03-11,fatigue,3
4786cad5,hypothyroid_06,2024-03-11,cold_intolerance,2
46d4829d,hypothyroid_06,2024-03-11,cramps,5
84ab4070,hypothyroid_06,2024-03-11,bloating,2
effd4dba,hypothyroid_06,2024-03-12,fatigue,2
c6518830,hypothyroid_06,2024-03-12,cold_intolerance,3
30618e96,hypothyroid_06,2024-03-12,bloating,2
7aa08276,hypothyroid_06,2024-03-13,fatigue,3
49ff47f8,hypothyroid_06,2024-03-13,mood_swings,3
67730ba2,hypothyroid_06,2024-04-17,mood_swings,3
8f7d19b5,hypothyroid_06,2024-04-18,cold_intolerance,3
be5203ca,hypothyroid_06,2024-04-18,bloating,4
f29c06ac,hypothyroid_06,2024-04-19,fatigue,3
f19a926d,hypothyroid_06,2024-04-19,cold_intolerance,2
c5614b52,hypothyroid_06,2024-04-19,cramps,3
cbbb0d2a,hypothyroid_06,2024-04-20,fatigue,3
9405015b,hypothyroid_06,2024-04-20,cold_intolerance,5
29788e1a,hypothyroid_06,2024-04-20,mood_swings,2
1b42c1c1,hypothyroid_06,2024-04-20,cramps,2
448b725e,hypothyroid_06,2024-04-20,bloating,4
afd68057,hypothyroid_06,2024-04-21,fatigue,5
4ccc48e5,hypothyroid_06,2024-04-21,cold_intolerance,4
e5fba6ba,hypothyroid_06,2024-04-21,mood_swings,4
c67f173f,hypothyroid_06,2024-04-21,bloating,4
b68b50d0,hypothyroid_06,2024-04-22,fatigue,4
ed5d78b0,hypothyroid_06,2024-04-22,cold_intolerance,5
59c4b9aa,hypothyroid_06,2024-04-23,fatigue,4
b0fb661f,hypothyroid_06,2024-04-23,mood_swings,3
4ffc4a5c,hypothyroid_06,2024-04-23,cramps,3
e1e61fcc,hypothyroid_06,2024-04-23,bloating,5
418cfbd5,hypothyroid_06,2024-04-24,fatigue,5
fa4e57bb,hypothyroid_06,2024-04-24,cold_intolerance,2
96036398,hypothyroid_06,2024-04-24,mood_swings,5
b9ac61de,hypothyroid_06,2024-04-24,cramps,4
9d484d36,hypothyroid_06,2024-04-25,fatigue,2
29737792,hypothyroid_06,2024-04-25,cold_intolerance,4
5dfde131,hypothyroid_06,2024-04-25,mood_swings,2
0cfe3c53,hypothyroid_06,2024-04-26,cold_intolerance,5
0b8a71d6,hypothyroid_06,2024-04-26,cramps,4
7ae374fa,hypothyroid_06,2024-04-26,bloating,5
6d3220dc,hypothyroid_06,2024-04-27,fatigue,5
fd2ad71c,hypothyroid_06,2024-04-27,cold_intolerance,2
d58c37e8,hypothyroid_06,2024-04-27,cramps,2
6695d3e0,hypothyroid_06,2024-05-14,fatigue,2
2d3b3e1d,hypothyroid_06,2024-05-14,cold_intolerance,3
0e31745b,hypothyroid_06,2024-05-14,mood_swings,2
6cad053a,hypothyroid_06,2024-05-14,cramps,5
80f8ef59,hypothyroid_06,2024-05-14,bloating,5
5db39e1c,hypothyroid_06,2024-05-15,fatigue,3
2b0e545d,hypothyroid_06,2024-05-15,cold_intolerance,3
6289ccc1,hypothyroid_06,2024-05-15,mood_swings,5
f8b84d65,hypothyroid_06,2024-05-15,cramps,4
3b51580c,hypothyroid_06,2024-05-16,fatigue,3
38fea177,hypothyroid_06,2024-05-16,cold_intolerance,4
539eddb5,hypothyroid_06,2024-05-16,cramps,3
6328ef9b,hypothyroid_06,2024-05-17,fatigue,4
91f4f190,hypothyroid_06,2024-05-17,cramps,2
9a1161c6,hypothyroid_06,2024-05-17,bloating,3
d481a864,hypothyroid_06,2024-05-18,fatigue,4
12d3f8df,hypothyroid_06,2024-05-18,mood_swings,3
4b2e6f65,hypothyroid_06,2024-05-19,fatigue,3
a6351bec,hypothyroid_06,2024-05-19,cold_intolerance,4
6024f9b7,hypothyroid_06,2024-05-20,fatigue,3
d334541a,hypothyroid_06,2024-05-20,cold_intolerance,5
c7c3cd02,hypothyroid_06,2024-05-20,bloating,5
21d78d6d,hypothyroid_06,2024-05-21,fatigue,3
0501ba01,hypothyroid_06,2024-05-21,mood_swings,4
4b9034ce,hypothyroid_06,2024-05-22,fatigue,3
b9ad249c,hypothyroid_06,2024-05-22,mood_swings,2
42573517,hypothyroid_06,2024-05-22,cramps,4
5b585761,hypothyroid_06,2024-06-18,fatigue,5
b2190cf4,hypothyroid_06,2024-06-18,cold_intolerance,3
d1e56bc2,hypothyroid_06,2024-06-18,mood_swings,3
0bb3aaa5,hypothyroid_06,2024-06-18,bloating,3
b7cf1102,hypothyroid_06,2024-06-19,fatigue,4
cf3be83f,hypothyroid_06,2024-06-19,cold_intolerance,4
e7d1f846,hypothyroid_06,2024-06-19,mood_swings,3
14b28326,hypothyroid_06,2024-06-19,cramps,4
d978c7b9,hypothyroid_06,2024-06-20,fatigue,5
0cca7a11,hypothyroid_06,2024-06-20,cold_intolerance,5
4e39c16a,hypothyroid_06,2024-06-20,mood_swings,5
2c049704,hypothyroid_06,2024-06-21,fatigue,4
dbaa0314,hypothyroid_06,2024-06-22,fatigue,5
ce11a8fb,hypothyroid_06,2024-06-22,cold_intolerance,4
519c320e,hypothyroid_06,2024-06-22,mood_swings,5
9663f799,hypothyroid_06,2024-06-23,fatigue,5
bd2c864e,hypothyroid_06,2024-06-23,cold_intolerance,4
0e8ab58e,hypothyroid_06,2024-06-23,cramps,2
56909085,hypothyroid_06,2024-06-24,fatigue,5
65f773f7,hypothyroid_06,2024-06-24,cramps,3
fdaea154,hypothyroid_06,2024-06-25,fatigue,5
8d7b7ba6,hypothyroid_06,2024-06-25,cold_intolerance,3
4cacf7ef,hypothyroid_06,2024-06-25,mood_swings,4
2dd8d5f5,hypothyroid_06,2024-06-25,bloating,2
77e81574,hypothyroid_06,2024-06-26,fatigue,4
47f2a25c,hypothyroid_06,2024-06-26,mood_swings,3
4f6cce28,hypothyroid_06,2024-06-26,cramps,5
65bf372d,hypothyroid_06,2024-06-27,cold_intolerance,2
12f10caf,hypothyroid_06,2024-06-27,mood_swings,4
2e9ca469,hypothyroid_06,2024-06-28,fatigue,3
4d59a1e0,hypothyroid_06,2024-06-28,cold_intolerance,4
27ab4712,hypothyroid_06,2024-06-28,cramps,2
12d66209,hypothyroid_06,2024-06-28,bloating,3
b2639373,hypothyroid_06,2024-07-31,fatigue,3
35dd5723,hypothyroid_06,2024-07-31,mood_swings,3
ca2b7077,hypothyroid_06,2024-08-01,fatigue,4
f6dc0155,hypothyroid_06,2024-08-01,cold_intolerance,5
31d7bd81,hypothyroid_06,2024-08-01,mood_swings,5
382acc74,hypothyroid_06,2024-08-01,cramps,3
5fae2d37,hypothyroid_06,2024-08-02,fatigue,3
d528ccd4,hypothyroid_06,2024-08-03,fatigue,2
2f656349,hypothyroid_06,2024-08-03,bloating,2
5638ecb7,hypothyroid_06,2024-08-04,bloating,5
aed2c6f7,hypothyroid_06,2024-08-05,fatigue,3
3f5315b1,hypothyroid_06,2024-08-05,cold_intolerance,3
b57392dd,hypothyroid_06,2024-08-05,mood_swings,5
3606a9e7,hypothyroid_06,2024-08-05,bloating,3
8541e7ad,hypothyroid_06,2024-08-06,cold_intolerance,5
a5d4a12f,hypothyroid_06,2024-08-06,mood_swings,2
75fc7399,hypothyroid_06,2024-08-06,bloating,4
abdd0aa1,hypothyroid_06,2024-08-07,fatigue,4
9b923d09,hypothyroid_06,2024-08-07,cold_intolerance,4
926f05b0,hypothyroid_06,2024-08-08,fatigue,4
6c1994d1,hypothyroid_06,2024-08-08,mood_swings,2
ab1f8110,hypothyroid_06,2024-08-08,cramps,3
75c4aab9,hypothyroid_06,2024-08-08,bloating,4
e83f77ae,hypothyroid_06,2024-08-09,fatigue,2
c5afaff0,hypothyroid_06,2024-08-09,cramps,2
5983898a,hypothyroid_06,2024-08-09,bloating,4
e731bcca,hypothyroid_06,2024-09-08,fatigue,2
eaf70630,hypothyroid_06,2024-09-08,cold_intolerance,2
cd52ba0f,hypothyroid_06,2024-09-08,mood_swings,2
070548b7,hypothyroid_06,2024-09-08,cramps,2
2ea4f527,hypothyroid_06,2024-09-08,bloating,2
ba76846d,hypothyroid_06,2024-09-09,fatigue,2
a342fbe4,hypothyroid_06,2024-09-09,cold_intolerance,5
73bb3bcf,hypothyroid_06,2024-09-09,cramps,3
97401157,hypothyroid_06,2024-09-10,fatigue,2
42136ab9,hypothyroid_06,2024-09-10,cold_intolerance,3
ff42becb,hypothyroid_06,2024-09-10,mood_swings,5
7575360b,hypothyroid_06,2024-09-10,cramps,2
2d6d5ef4,hypothyroid_06,2024-09-10,bloating,2
a2cb91ec,hypothyroid_06,2024-09-11,fatigue,5
e6cba03a,hypothyroid_06,2024-09-11,cold_intolerance,4
64e923de,hypothyroid_06,2024-09-11,mood_swings,5
0ab54780,hypothyroid_06,2024-09-11,cramps,5
04d44912,hypothyroid_06,2024-09-12,fatigue,2
874823fc,hypothyroid_06,2024-09-12,cold_intolerance,5
80bb3d5b,hypothyroid_06,2024-09-13,fatigue,3
5b402927,hypothyroid_06,2024-09-13,cold_intolerance,2
7f7b304b,hypothyroid_06,2024-09-13,mood_swings,2
dcf1bca2,hypothyroid_06,2024-09-13,cramps,5
9008b7ec,hypothyroid_06,2024-09-14,fatigue,5
68b85e28,hypothyroid_06,2024-09-14,cold_intolerance,5
298d59c5,hypothyroid_06,2024-09-14,cramps,4
36a51f05,hypothyroid_06,2024-09-15,fatigue,3
3450b707,hypothyroid_06,2024-09-15,cold_intolerance,3
389691e5,hypothyroid_06,2024-09-15,mood_swings,5
88e22280,hypothyroid_06,2024-09-16,cold_intolerance,3
4bb594ee,hypothyroid_06,2024-09-16,mood_swings,4
be8e215c,hypothyroid_06,2024-09-16,cramps,2
7b7bbd5f,hypothyroid_06,2024-09-17,fatigue,5
2b99e6cc,hypothyroid_06,2024-09-17,cramps,3
b5aa3a1c,hypothyroid_06,2024-09-18,fatigue,3
6fc73aa0,hypothyroid_06,2024-09-18,cold_intolerance,5
2c491348,hypothyroid_06,2024-09-18,mood_swings,3
816c28d2,hypothyroid_06,2024-09-18,cramps,5
d6795014,hypothyroid_06,2024-09-18,bloating,2
33909efe,hypothyroid_06,2024-10-10,fatigue,5
5d955c63,hypothyroid_06,2024-10-10,cold_intolerance,5
554a26d1,hypothyroid_06,2024-10-10,cramps,3
70cc9a60,hypothyroid_06,2024-10-10,bloating,4
6a74ec2e,hypothyroid_06,2024-10-11,fatigue,5
7db51f9c,hypothyroid_06,2024-10-11,cold_intolerance,5
0eeb5b0c,hypothyroid_06,2024-10-11,mood_swings,3
56ca4102,hypothyroid_06,2024-10-11,cramps,2
6c003faa,hypothyroid_06,2024-10-12,fatigue,2
2f252d77,hypothyroid_06,2024-10-12,cold_intolerance,3
fddb02c4,hypothyroid_06,2024-10-12,cramps,4
0e954981,hypothyroid_06,2024-10-13,cold_intolerance,5
efe0d234,hypothyroid_06,2024-10-13,bloating,5
49b08c90,hypothyroid_06,2024-10-14,fatigue,2
e5809f91,hypothyroid_06,2024-10-14,cold_intolerance,3
02dc51a4,hypothyroid_06,2024-10-14,bloating,5
4f760967,hypothyroid_06,2024-10-15,fatigue,5
ab5d75c9,hypothyroid_06,2024-10-15,cold_intolerance,2
0ddfa5ae,hypothyroid_06,2024-10-15,mood_swings,4
e60eb981,hypothyroid_06,2024-10-15,cramps,3
9ce9fdbe,hypothyroid_06,2024-10-16,fatigue,5
5ad64067,hypothyroid_06,2024-10-16,cold_intolerance,2
0ed226fa,hypothyroid_06,2024-10-16,mood_swings,2
f6622598,hypothyroid_06,2024-10-16,cramps,2
c9cf7221,hypothyroid_06,2024-10-17,fatigue,4
6b1870c7,hypothyroid_06,2024-10-17,cold_intolerance,4
228a3e84,hypothyroid_06,2024-10-17,cramps,2
59879969,hypothyroid_06,2024-10-17,bloating,5
6f834965,hypothyroid_06,2024-10-18,fatigue,5
4a17a206,hypothyroid_06,2024-10-18,mood_swings,5
5cc8db46,hypothyroid_06,2024-10-19,fatigue,5
cd8fe6de,hypothyroid_06,2024-10-19,cold_intolerance,4
fdd797d9,hypothyroid_06,2024-10-19,cramps,5
7ab506c7,hypothyroid_06,2024-10-20,fatigue,4
911c50e3,hypothyroid_06,2024-10-20,cold_intolerance,5
bc4236a1,hypothyroid_06,2024-10-20,cramps,4
59daa988,hypothyroid_06,2024-10-21,fatigue,4
634cd1b1,hypothyroid_06,2024-10-21,cold_intolerance,4
889610c2,hypothyroid_06,2024-10-21,bloating,4
8221a029,hypothyroid_06,2024-10-22,fatigue,5
e89d78ee,hypothyroid_06,2024-10-22,cold_intolerance,3
36a43517,hypothyroid_06,2024-10-22,mood_swings,2
b3b42f34,hypothyroid_06,2024-11-10,fatigue,2
95e3f773,hypothyroid_06,2024-11-10,cold_intolerance,4
77dd36f9,hypothyroid_06,2024-11-10,mood_swings,3
bbd80248,hypothyroid_06,2024-11-10,cramps,2
89933155,hypothyroid_06,2024-11-10,bloating,2
0f6aad6c,hypothyroid_06,2024-11-11,fatigue,4
95bf2046,hypothyroid_06,2024-11-11,cold_intolerance,2
c6365e70,hypothyroid_06,2024-11-11,mood_swings,5
a4c70883,hypothyroid_06,2024-11-12,fatigue,2
d9098893,hypothyroid_06,2024-11-12,cold_intolerance,3
813034eb,hypothyroid_06,2024-11-12,mood_swings,3
66c9cc4f,hypothyroid_06,2024-11-13,cold_intolerance,3
ad52255a,hypothyroid_06,2024-11-13,mood_swings,4
e1f371f3,hypothyroid_06,2024-11-14,fatigue,2
bd1be379,hypothyroid_06,2024-11-14,cold_intolerance,2
316f5563,hypothyroid_06,2024-11-14,mood_swings,5
1acc4896,hypothyroid_06,2024-11-14,cramps,2
ab8c4a08,hypothyroid_06,2024-11-15,fatigue,5
0c4beb3b,hypothyroid_06,2024-11-15,mood_swings,4
ac681ea3,hypothyroid_06,2024-11-15,bloating,3
7a9f0d44,hypothyroid_06,2024-11-16,fatigue,3
feba1c47,hypothyroid_06,2024-11-16,cold_intolerance,5
355216ab,hypothyroid_06,2024-11-17,fatigue,3
42c5295e,hypothyroid_06,2024-11-17,cold_intolerance,4
9e390f4e,hypothyroid_06,2024-11-17,mood_swings,3
fd610717,hypothyroid_06,2024-11-18,fatigue,2
1b0e09b6,hypothyroid_06,2024-11-18,cold_intolerance,2
e9b71953,hypothyroid_06,2024-11-19,fatigue,5
ffd62e0f,hypothyroid_06,2024-11-19,cold_intolerance,2
42dc46d7,hypothyroid_06,2024-11-19,mood_swings,5
6eae4026,hypothyroid_06,2024-11-19,bloating,2
9ec6edeb,hypothyroid_06,2024-11-20,fatigue,4
8cf9024c,hypothyroid_06,2024-11-20,cold_intolerance,3
8a14cf23,hypothyroid_06,2024-11-20,mood_swings,2
5db45c23,hypothyroid_06,2024-11-20,cramps,3
85bc0c11,hypothyroid_06,2024-12-14,cramps,3
59e5aa42,hypothyroid_06,2024-12-15,fatigue,2
a0689797,hypothyroid_06,2024-12-15,cold_intolerance,2
e651144e,hypothyroid_06,2024-12-16,fatigue,5
0bdf41e6,hypothyroid_06,2024-12-16,cold_intolerance,2
eda827fd,hypothyroid_06,2024-12-16,cramps,2
2e8e0638,hypothyroid_06,2024-12-16,bloating,3
8e04ce5d,hypothyroid_06,2024-12-17,fatigue,4
72cb4d53,hypothyroid_06,2024-12-17,cold_intolerance,3
a4137354,hypothyroid_06,2024-12-17,cramps,3
2f793a76,hypothyroid_06,2024-12-17,bloating,4
44cf5d3e,hypothyroid_06,2024-12-18,fatigue,5
f6f8b076,hypothyroid_06,2024-12-18,cold_intolerance,2
1b2dcf83,hypothyroid_06,2024-12-18,mood_swings,5
f535ffc4,hypothyroid_06,2024-12-18,cramps,2
80862b11,hypothyroid_06,2024-12-19,fatigue,3
33034fd8,hypothyroid_06,2024-12-19,cramps,2
fd38db24,hypothyroid_06,2024-12-19,bloating,4
66dcb7fe,hypothyroid_06,2024-12-20,fatigue,4
3a4fc60c,hypothyroid_06,2024-12-21,fatigue,2
368476c0,hypothyroid_06,2024-12-21,cold_intolerance,4
64fa8144,hypothyroid_06,2025-01-17,fatigue,5
23eb0cbf,hypothyroid_06,2025-01-17,bloating,3
01635f76,hypothyroid_06,2025-01-18,fatigue,2
f78adbb3,hypothyroid_06,2025-01-18,mood_swings,5
faf003b8,hypothyroid_06,2025-01-19,fatigue,4
301b3195,hypothyroid_06,2025-01-19,cold_intolerance,2
336eec05,hypothyroid_06,2025-01-19,mood_swings,5
b5db3822,hypothyroid_06,2025-01-19,cramps,2
83139d16,hypothyroid_06,2025-01-20,fatigue,3
6b49e887,hypothyroid_06,2025-01-20,cold_intolerance,3
c4bcac2a,hypothyroid_06,2025-01-20,mood_swings,3
0e74cd5e,hypothyroid_06,2025-01-20,cramps,4
3ef64be6,hypothyroid_06,2025-01-20,bloating,5
61bc9de8,hypothyroid_06,2025-01-21,mood_swings,5
2d481f1e,hypothyroid_06,2025-01-21,cramps,3
d90000f3,hypothyroid_06,2025-01-21,bloating,5
e7c170d4,hypothyroid_06,2025-01-22,fatigue,2
e7b18688,hypothyroid_06,2025-01-22,cold_intolerance,3
511b8c47,hypothyroid_06,2025-01-22,mood_swings,5
dc56a7cf,hypothyroid_06,2025-01-22,cramps,5
7f8e3a38,hypothyroid_06,2025-01-23,fatigue,3
d7d6ed0e,hypothyroid_06,2025-01-23,cold_intolerance,2
d5a59db0,hypothyroid_06,2025-01-23,mood_swings,3
35e9ea9b,hypothyroid_06,2025-01-24,fatigue,4
9a86b56f,hypothyroid_06,2025-01-24,cold_intolerance,5
9fb556fe,hypothyroid_06,2025-01-24,mood_swings,3
780d433c,hypothyroid_06,2025-01-24,cramps,5
f84cb484,hypothyroid_06,2025-01-24,bloating,2
b18ef3d5,hypothyroid_06,2025-01-25,fatigue,3
03a3b88f,hypothyroid_06,2025-01-25,mood_swings,2
1f240e37,hypothyroid_06,2025-01-25,cramps,2
4882f48f,hypothyroid_06,2025-01-26,cold_intolerance,5
dd3fa4b5,hypothyroid_06,2025-01-26,mood_swings,5
1220df6d,hypothyroid_06,2025-01-26,cramps,3
7ae1c591,hypothyroid_06,2025-01-27,cold_intolerance,4
290b2e99,hypothyroid_06,2025-01-27,cramps,2
af5b10db,hypothyroid_06,2025-02-22,fatigue,4
55d915c4,hypothyroid_06,2025-02-22,cold_intolerance,2
748a1430,hypothyroid_06,2025-02-22,mood_swings,4
c05d924b,hypothyroid_06,2025-02-22,bloating,3
3c6c3290,hypothyroid_06,2025-02-23,fatigue,3
518f4bdf,hypothyroid_06,2025-02-23,cold_intolerance,5
3da2e6e6,hypothyroid_06,2025-02-23,bloating,5
19c3bbdd,hypothyroid_06,2025-02-24,cold_intolerance,2
dfeb0ec5,hypothyroid_06,2025-02-24,bloating,2
6447e99f,hypothyroid_06,2025-02-25,fatigue,3
658984ba,hypothyroid_06,2025-02-25,cold_intolerance,2
a1c3d83e,hypothyroid_06,2025-02-25,mood_swings,5
f06ad503,hypothyroid_06,2025-02-25,bloating,4
81d888ae,hypothyroid_06,2025-02-26,fatigue,2
579b172a,hypothyroid_06,2025-02-26,cold_intolerance,4
6574b8f4,hypothyroid_06,2025-02-26,mood_swings,3
e92cb00e,hypothyroid_06,2025-02-26,cramps,3
8760421f,hypothyroid_06,2025-02-27,fatigue,2
065a52ee,hypothyroid_06,2025-02-27,cold_intolerance,2
79816416,hypothyroid_06,2025-02-27,mood_swings,2
ed0fdcb2,hypothyroid_06,2025-02-27,cramps,5
0ca51664,hypothyroid_06,2025-02-28,fatigue,3
03635ed7,hypothyroid_06,2025-03-01,fatigue,4
a43cd9a7,hypothyroid_06,2025-03-01,cramps,5
0c59204b,hypothyroid_06,2025-03-02,fatigue,4
1abccae5,hypothyroid_06,2025-03-02,cramps,2
4af03f60,hypothyroid_06,2025-03-03,fatigue,4
562eabb9,hypothyroid_06,2025-03-03,cold_intolerance,4
0285cc8c,hypothyroid_06,2025-03-23,fatigue,4
3a6efe85,hypothyroid_06,2025-03-23,cold_intolerance,4
f7294878,hypothyroid_06,2025-03-23,mood_swings,4
05265afc,hypothyroid_06,2025-03-23,bloating,5
1d1f250a,hypothyroid_06,2025-03-24,cramps,3
64c6ac5d,hypothyroid_06,2025-03-25,cold_intolerance,4
3e5994a5,hypothyroid_06,2025-03-26,cold_intolerance,5
7170d602,hypothyroid_06,2025-03-27,fatigue,5
79de131c,hypothyroid_06,2025-03-27,cramps,2
e7d56e07,hypothyroid_06,2025-03-28,fatigue,5
64f3f2a1,hypothyroid_06,2025-03-28,cold_intolerance,5
c375a414,hypothyroid_06,2025-03-28,mood_swings,4
217c1c5d,hypothyroid_06,2025-03-28,cramps,5
b8723cc2,hypothyroid_06,2025-03-29,fatigue,3
36d04588,hypothyroid_06,2025-03-29,cold_intolerance,4
730ebc64,hypothyroid_06,2025-03-29,mood_swings,5
6ebbc2bd,hypothyroid_06,2025-03-30,cold_intolerance,2
9a1efd23,hypothyroid_06,2025-03-30,bloating,2
92424acf,hypothyroid_06,2025-03-31,fatigue,2
c898dc0f,hypothyroid_06,2025-03-31,cold_intolerance,4
a90adfa4,hypothyroid_06,2025-03-31,mood_swings,3
318ccd43,hypothyroid_06,2025-03-31,bloating,5
0501ac82,hypothyroid_06,2025-04-01,fatigue,3
d38b3722,hypothyroid_06,2025-04-02,fatigue,5
08bfc304,hypothyroid_06,2025-04-02,cold_intolerance,5
450589a6,hypothyroid_06,2025-04-03,fatigue,4
69094ea2,hypothyroid_06,2025-04-03,cold_intolerance,2
68fa3c00,hypothyroid_06,2025-04-03,mood_swings,2
6f97c0ad,hypothyroid_06,2025-04-03,cramps,3
61859530,hypothyroid_06,2025-04-03,bloating,4
6b153ec9,hypothyroid_06,2025-05-01,fatigue,2
39741e0f,hypothyroid_06,2025-05-01,cold_intolerance,4
ced2889b,hypothyroid_06,2025-05-01,mood_swings,3
5389acf6,hypothyroid_06,2025-05-01,bloating,3
8b90f5ca,hypothyroid_06,2025-05-02,fatigue,2
1a9336ad,hypothyroid_06,2025-05-02,cold_intolerance,5
fb90cfb9,hypothyroid_06,2025-05-03,fatigue,3
a42849de,hypothyroid_06,2025-05-03,bloating,2
6b5fcca1,hypothyroid_06,2025-05-04,fatigue,2
f0dcfc79,hypothyroid_06,2025-05-04,cold_intolerance,3
f2e0a972,hypothyroid_06,2025-05-04,bloating,3
722ccc11,hypothyroid_06,2025-05-05,fatigue,3
d7364b03,hypothyroid_06,2025-05-05,cramps,5
c3871253,hypothyroid_06,2025-05-06,fatigue,3
6cb8f5cb,hypothyroid_06,2025-05-06,mood_swings,2
ffc1ee62,hypothyroid_06,2025-05-07,fatigue,4
da6f26e1,hypothyroid_06,2025-05-07,cold_intolerance,4
0b43e5a1,hypothyroid_06,2025-05-07,cramps,5
0bb41247,hypothyroid_06,2025-05-08,fatigue,2
7b93d635,hypothyroid_06,2025-05-08,cold_intolerance,4
c9d430ad,hypothyroid_06,2025-05-08,mood_swings,5
d600e191,hypothyroid_06,2025-05-09,fatigue,4
73c75b6e,hypothyroid_06,2025-05-09,cold_intolerance,3
b9d8b7e7,hypothyroid_06,2025-05-10,fatigue,5
febf426b,hypothyroid_06,2025-05-10,cold_intolerance,2
45c65087,hypothyroid_06,2025-05-10,mood_swings,3
77cdd5a3,hypothyroid_06,2025-05-10,cramps,4
cbd6d107,hypothyroid_06,2025-05-10,bloating,3
dd13b5f1,hypothyroid_06,2025-06-03,fatigue,4
b852274c,hypothyroid_06,2025-06-04,fatigue,4
8544c086,hypothyroid_06,2025-06-04,mood_swings,5
e69d0e98,hypothyroid_06,2025-06-04,cramps,4
2bd799f6,hypothyroid_06,2025-06-05,fatigue,5
164b6e9a,hypothyroid_06,2025-06-05,cold_intolerance,2
e01758ff,hypothyroid_06,2025-06-06,fatigue,5
f8baf8c2,hypothyroid_06,2025-06-06,cold_intolerance,3
be445420,hypothyroid_06,2025-06-07,fatigue,5
41339c50,hypothyroid_06,2025-06-07,mood_swings,2
e203109d,hypothyroid_06,2025-06-08,fatigue,3
fec360dd,hypothyroid_06,2025-06-08,mood_swings,5
134843d0,hypothyroid_06,2025-06-08,cramps,2
764bcae4,hypothyroid_06,2025-06-09,cold_intolerance,3
daff7f9d,hypothyroid_06,2025-06-10,cold_intolerance,4
aa867939,hypothyroid_06,2025-06-10,cramps,4
149b8d24,hypothyroid_06,2025-06-11,fatigue,4
2128327f,hypothyroid_06,2025-06-11,cold_intolerance,3
a9a0bd80,hypothyroid_06,2025-06-11,mood_swings,4
084978f1,hypothyroid_06,2025-06-11,cramps,3
40ed5ba7,hypothyroid_06,2025-06-12,fatigue,3
98269e2b,hypothyroid_06,2025-06-12,cold_intolerance,4
4fbe61d4,hypothyroid_06,2025-06-12,mood_swings,4
fcc927a1,hypothyroid_06,2025-07-08,fatigue,2
f9873624,hypothyroid_06,2025-07-08,cramps,2
7e2bc3d1,hypothyroid_06,2025-07-09,fatigue,4
1c7b9d7b,hypothyroid_06,2025-07-09,cold_intolerance,4
fd13f885,hypothyroid_06,2025-07-09,mood_swings,2
7a2321df,hypothyroid_06,2025-07-10,cold_intolerance,5
3ee9aa02,hypothyroid_06,2025-07-10,mood_swings,2
eb89d6f6,hypothyroid_06,2025-07-10,cramps,5
215522d9,hypothyroid_06,2025-07-10,bloating,2
247d797b,hypothyroid_06,2025-07-11,cramps,4
75f8133b,hypothyroid_06,2025-07-12,cold_intolerance,3
23bfd137,hypothyroid_06,2025-07-12,bloating,2
49978208,hypothyroid_06,2025-07-13,fatigue,5
b68d13ed,hypothyroid_06,2025-07-13,cold_intolerance,3
d1aed1e9,hypothyroid_06,2025-07-13,mood_swings,3
864bf513,hypothyroid_06,2025-07-13,cramps,2
46c7f944,hypothyroid_06,2025-07-14,fatigue,5
00a96bc4,hypothyroid_06,2025-07-14,cold_intolerance,5
8e79b6b6,hypothyroid_06,2025-07-14,mood_swings,2
a55b3e6d,hypothyroid_06,2025-07-14,cramps,5
e093125a,hypothyroid_06,2025-07-15,fatigue,4
c1847d02,hypothyroid_06,2025-07-15,cold_intolerance,2
3fa1fbb0,hypothyroid_06,2025-07-15,mood_swings,3
504dc68e,hypothyroid_06,2025-07-15,cramps,4
8613ee0e,hypothyroid_06,2025-07-15,bloating,2
07b32950,hypothyroid_06,2025-07-16,fatigue,3
214bc02d,hypothyroid_06,2025-07-16,cold_intolerance,5
86affcb8,hypothyroid_06,2025-07-17,fatigue,2
7e9f92ad,hypothyroid_06,2025-07-17,cramps,4
c5fe02b1,hypothyroid_06,2025-08-12,fatigue,5
cb932c72,hypothyroid_06,2025-08-12,cold_intolerance,2
05756104,hypothyroid_06,2025-08-12,mood_swings,3
e6b2cdd7,hypothyroid_06,2025-08-12,cramps,5
4e0105cc,hypothyroid_06,2025-08-13,fatigue,2
b582d3ae,hypothyroid_06,2025-08-13,cold_intolerance,3
409ca6a1,hypothyroid_06,2025-08-13,mood_swings,5
f9f5af83,hypothyroid_06,2025-08-13,bloating,2
78907929,hypothyroid_06,2025-08-14,cramps,2
8f5c4d01,hypothyroid_06,2025-08-14,bloating,4
2722f764,hypothyroid_06,2025-08-15,fatigue,3
dd2a6ff5,hypothyroid_06,2025-08-15,cold_intolerance,2
d35af963,hypothyroid_06,2025-08-15,mood_swings,4
b40e8147,hypothyroid_06,2025-08-15,cramps,2
5d81f944,hypothyroid_06,2025-08-15,bloating,3
3c161e2c,hypothyroid_06,2025-08-16,fatigue,3
400e6dbf,hypothyroid_06,2025-08-16,cold_intolerance,3
6f914062,hypothyroid_06,2025-08-16,cramps,5
5c183d44,hypothyroid_06,2025-08-17,fatigue,5
5f4de825,hypothyroid_06,2025-08-17,cold_intolerance,2
f81628ac,hypothyroid_06,2025-08-17,mood_swings,2
440c6339,hypothyroid_06,2025-08-18,cramps,4
b27dcc88,hypothyroid_06,2025-08-19,fatigue,3
4b27929f,hypothyroid_06,2025-08-19,cold_intolerance,2
ed205a7f,hypothyroid_06,2025-08-19,mood_swings,2
67855e45,hypothyroid_06,2025-08-19,cramps,2
afa17ef9,hypothyroid_06,2025-08-20,mood_swings,5
13a30909,hypothyroid_06,2025-08-20,cramps,4
086eebe4,hypothyroid_06,2025-08-21,fatigue,4
af23b1e9,hypothyroid_06,2025-08-21,cold_intolerance,3
5e292577,hypothyroid_06,2025-08-21,mood_swings,4
3c08de56,hypothyroid_06,2025-08-21,cramps,2
e88a4f5b,hypothyroid_06,2025-08-22,fatigue,2
d2b5e789,hypothyroid_06,2025-08-22,cold_intolerance,4
4e34dd79,hypothyroid_06,2025-08-22,mood_swings,4
edc0574f,hypothyroid_06,2025-08-22,cramps,5
8b7f56e2,hypothyroid_06,2025-08-22,bloating,5
e0b96def,hyperthyroid_01,2024-01-01,fatigue,4
f1d4fe20,hyperthyroid_01,2024-01-01,hot_flashes,2
d9392ef4,hyperthyroid_01,2024-01-01,mood_swings,5
b70ba825,hyperthyroid_01,2024-01-02,fatigue,5
b6d2fb9c,hyperthyroid_01,2024-01-02,hot_flashes,3
45dec9d6,hyperthyroid_01,2024-01-02,mood_swings,2
ceba3af9,hyperthyroid_01,2024-01-02,headache,5
67e75f3b,hyperthyroid_01,2024-01-03,fatigue,2
d0149c88,hyperthyroid_01,2024-01-03,hot_flashes,3
e493cc84,hyperthyroid_01,2024-01-03,headache,3
2f863db2,hyperthyroid_01,2024-01-04,fatigue,3
1f45c874,hyperthyroid_01,2024-01-04,hot_flashes,5
e859086b,hyperthyroid_01,2024-01-30,fatigue,4
f2c23775,hyperthyroid_01,2024-01-30,hot_flashes,5
15e00d83,hyperthyroid_01,2024-01-30,mood_swings,5
1ae1a6cc,hyperthyroid_01,2024-01-31,fatigue,3
ddb0dccb,hyperthyroid_01,2024-01-31,hot_flashes,4
47c79aaa,hyperthyroid_01,2024-01-31,mood_swings,5
b9dde8b1,hyperthyroid_01,2024-02-01,hot_flashes,3
ed415061,hyperthyroid_01,2024-02-01,headache,4
5e07510b,hyperthyroid_01,2024-02-02,hot_flashes,3
65c5a30b,hyperthyroid_01,2024-02-03,hot_flashes,3
cd481b9f,hyperthyroid_01,2024-02-03,mood_swings,2
3c6508dc,hyperthyroid_01,2024-02-03,headache,3
1a6e30fc,hyperthyroid_01,2024-02-04,fatigue,2
b4278c30,hyperthyroid_01,2024-02-04,mood_swings,3
252e06fa,hyperthyroid_01,2024-02-05,fatigue,5
6835ff76,hyperthyroid_01,2024-02-05,hot_flashes,3
d9625322,hyperthyroid_01,2024-02-05,mood_swings,2
cc701792,hyperthyroid_01,2024-02-06,fatigue,2
5ab04797,hyperthyroid_01,2024-02-06,hot_flashes,5
1568326b,hyperthyroid_01,2024-02-24,hot_flashes,4
414efb78,hyperthyroid_01,2024-02-25,fatigue,5
f1f698d6,hyperthyroid_01,2024-02-25,hot_flashes,2
1c6b23bc,hyperthyroid_01,2024-02-25,mood_swings,3
286adfd4,hyperthyroid_01,2024-02-25,headache,2
55194f2f,hyperthyroid_01,2024-02-26,fatigue,5
e8d09c3c,hyperthyroid_01,2024-02-26,headache,2
9f3c3ebf,hyperthyroid_01,2024-02-27,hot_flashes,2
d0fec178,hyperthyroid_01,2024-02-28,fatigue,2
6ad423d9,hyperthyroid_01,2024-02-28,hot_flashes,4
b1e6e7dc,hyperthyroid_01,2024-02-28,mood_swings,3
484ea2ce,hyperthyroid_01,2024-02-28,headache,5
3fc78be5,hyperthyroid_01,2024-02-29,fatigue,2
d9ee392e,hyperthyroid_01,2024-02-29,hot_flashes,5
705fd8f8,hyperthyroid_01,2024-02-29,headache,4
ba1191da,hyperthyroid_01,2024-03-22,hot_flashes,5
92d4dbc2,hyperthyroid_01,2024-03-22,mood_swings,5
fb880545,hyperthyroid_01,2024-03-22,headache,2
966ac507,hyperthyroid_01,2024-03-23,fatigue,3
8bef32a0,hyperthyroid_01,2024-03-23,hot_flashes,2
e7ef045e,hyperthyroid_01,2024-03-23,mood_swings,3
065a2735,hyperthyroid_01,2024-03-24,fatigue,3
195970aa,hyperthyroid_01,2024-03-24,hot_flashes,2
1b42cc55,hyperthyroid_01,2024-03-24,mood_swings,5
9fe94d04,hyperthyroid_01,2024-03-25,fatigue,3
3f75c1f6,hyperthyroid_01,2024-03-25,hot_flashes,3
0f9506ae,hyperthyroid_01,2024-03-26,fatigue,2
d65761db,hyperthyroid_01,2024-03-26,mood_swings,5
99c6ae8e,hyperthyroid_01,2024-03-27,hot_flashes,2
97901cf8,hyperthyroid_01,2024-03-27,headache,2
e67719a7,hyperthyroid_01,2024-04-18,fatigue,4
0072970b,hyperthyroid_01,2024-04-18,hot_flashes,4
f34f3c2d,hyperthyroid_01,2024-04-19,hot_flashes,2
ed7db116,hyperthyroid_01,2024-04-19,mood_swings,4
f91e24a1,hyperthyroid_01,2024-04-20,fatigue,3
5202fc3c,hyperthyroid_01,2024-04-20,hot_flashes,4
304a7ce5,hyperthyroid_01,2024-04-21,fatigue,4
65851c97,hyperthyroid_01,2024-04-21,hot_flashes,3
0247259a,hyperthyroid_01,2024-04-21,mood_swings,2
df678af1,hyperthyroid_01,2024-04-23,headache,3
3e443bb3,hyperthyroid_01,2024-04-24,hot_flashes,2
a9909a8f,hyperthyroid_01,2024-04-24,mood_swings,5
3ae99ee2,hyperthyroid_01,2024-04-24,headache,4
3a7250a9,hyperthyroid_01,2024-05-13,fatigue,4
b56c4b2c,hyperthyroid_01,2024-05-13,hot_flashes,2
d6dd12f6,hyperthyroid_01,2024-05-13,mood_swings,3
1adfd71e,hyperthyroid_01,2024-05-14,hot_flashes,5
426e7ae6,hyperthyroid_01,2024-05-14,mood_swings,4
48de7a12,hyperthyroid_01,2024-05-15,hot_flashes,5
7ced4555,hyperthyroid_01,2024-05-15,headache,5
b0b9067c,hyperthyroid_01,2024-05-16,fatigue,4
984e1f39,hyperthyroid_01,2024-05-16,mood_swings,3
782750f2,hyperthyroid_01,2024-05-17,fatigue,3
1a643d02,hyperthyroid_01,2024-05-17,hot_flashes,2
b8c4c0f4,hyperthyroid_01,2024-05-17,mood_swings,2
365c78e1,hyperthyroid_01,2024-05-17,headache,3
85ea8b50,hyperthyroid_01,2024-06-04,fatigue,5
11478e04,hyperthyroid_01,2024-06-04,hot_flashes,5
21b897da,hyperthyroid_01,2024-06-04,headache,3
708fd70d,hyperthyroid_01,2024-06-05,headache,3
c1271a92,hyperthyroid_01,2024-06-06,hot_flashes,4
bf72389a,hyperthyroid_01,2024-06-06,mood_swings,3
ec8efd3e,hyperthyroid_01,2024-06-07,fatigue,3
168c008e,hyperthyroid_01,2024-06-07,hot_flashes,3
f766c8cb,hyperthyroid_01,2024-06-07,mood_swings,4
b5be7786,hyperthyroid_01,2024-06-08,fatigue,2
8fd723e9,hyperthyroid_01,2024-06-08,hot_flashes,4
6d93ba25,hyperthyroid_01,2024-06-08,mood_swings,3
98ef0925,hyperthyroid_01,2024-06-08,headache,4
33fa28c2,hyperthyroid_01,2024-06-09,fatigue,2
af0124df,hyperthyroid_01,2024-06-09,hot_flashes,4
79833468,hyperthyroid_01,2024-06-09,mood_swings,4
2a8c01b3,hyperthyroid_01,2024-06-09,headache,4
a770425c,hyperthyroid_01,2024-06-20,hot_flashes,2
fffd1197,hyperthyroid_01,2024-06-21,fatigue,4
f3a2c1a7,hyperthyroid_01,2024-06-21,hot_flashes,5
1a56e309,hyperthyroid_01,2024-06-21,mood_swings,2
58b25657,hyperthyroid_01,2024-06-22,fatigue,4
324369dd,hyperthyroid_01,2024-06-22,hot_flashes,3
0839a328,hyperthyroid_01,2024-06-22,mood_swings,4
2389c175,hyperthyroid_01,2024-06-23,hot_flashes,3
1efe55df,hyperthyroid_01,2024-06-23,mood_swings,2
9c32ced4,hyperthyroid_01,2024-06-24,hot_flashes,3
01439f60,hyperthyroid_01,2024-06-24,mood_swings,4
c88c64f7,hyperthyroid_01,2024-06-25,fatigue,3
1d9e1457,hyperthyroid_01,2024-06-25,hot_flashes,3
c4159097,hyperthyroid_01,2024-06-25,mood_swings,5
cc61c345,hyperthyroid_01,2024-07-11,hot_flashes,3
4be9eb82,hyperthyroid_01,2024-07-11,mood_swings,3
f1345940,hyperthyroid_01,2024-07-11,headache,5
65e542d6,hyperthyroid_01,2024-07-12,fatigue,4
4de8e8a4,hyperthyroid_01,2024-07-12,hot_flashes,2
9baa0aa4,hyperthyroid_01,2024-07-13,hot_flashes,2
a4a8b0f2,hyperthyroid_01,2024-07-14,hot_flashes,4
9d8c49cc,hyperthyroid_01,2024-07-15,fatigue,5
6d3d6e7e,hyperthyroid_01,2024-07-15,hot_flashes,3
e7a70aaf,hyperthyroid_01,2024-07-15,mood_swings,3
66da147c,hyperthyroid_01,2024-07-15,headache,3
7c63cf76,hyperthyroid_01,2024-07-16,fatigue,4
a9d2e51c,hyperthyroid_01,2024-07-16,hot_flashes,3
e896caea,hyperthyroid_01,2024-07-16,headache,5
ce8d6eb2,hyperthyroid_01,2024-07-28,hot_flashes,4
533ee813,hyperthyroid_01,2024-07-29,hot_flashes,4
8f3b7fa5,hyperthyroid_01,2024-07-29,mood_swings,3
fd23fd1c,hyperthyroid_01,2024-07-30,fatigue,3
14a80b6e,hyperthyroid_01,2024-07-30,hot_flashes,4
14a310d9,hyperthyroid_01,2024-07-30,mood_swings,4
19e5bf85,hyperthyroid_01,2024-07-30,headache,2
64697b7d,hyperthyroid_01,2024-07-31,hot_flashes,4
982a3c70,hyperthyroid_01,2024-08-01,headache,5
36d5aab2,hyperthyroid_01,2024-08-02,hot_flashes,5
3f78109c,hyperthyroid_01,2024-08-02,mood_swings,3
aa98b6d6,hyperthyroid_01,2024-08-02,headache,2
4fd8bb0a,hyperthyroid_01,2024-08-03,hot_flashes,4
e9b90608,hyperthyroid_01,2024-08-03,mood_swings,5
d570a3ac,hyperthyroid_01,2024-08-03,headache,3
98ad71f3,hyperthyroid_01,2024-08-13,fatigue,5
22831d3e,hyperthyroid_01,2024-08-13,hot_flashes,4
96ed0c98,hyperthyroid_01,2024-08-14,hot_flashes,5
a1093a0e,hyperthyroid_01,2024-08-14,mood_swings,5
337a7994,hyperthyroid_01,2024-08-15,hot_flashes,4
47d86d2e,hyperthyroid_01,2024-08-15,mood_swings,5
a03eb48f,hyperthyroid_01,2024-08-16,fatigue,2
716bc8f0,hyperthyroid_01,2024-08-17,fatigue,4
0b24dd2f,hyperthyroid_01,2024-08-17,hot_flashes,2
8a8943b9,hyperthyroid_01,2024-08-17,mood_swings,3
7fa91f65,hyperthyroid_01,2024-08-18,fatigue,5
f035c7d4,hyperthyroid_01,2024-08-18,hot_flashes,5
daee453a,hyperthyroid_01,2024-08-18,mood_swings,4
17a3276d,hyperthyroid_01,2024-09-05,fatigue,5
9a615aac,hyperthyroid_01,2024-09-05,headache,4
1992489a,hyperthyroid_01,2024-09-06,fatigue,3
52497ddb,hyperthyroid_01,2024-09-06,hot_flashes,3
aac88504,hyperthyroid_01,2024-09-06,headache,5
151fd8a8,hyperthyroid_01,2024-09-07,hot_flashes,4
a58ffd0b,hyperthyroid_01,2024-09-07,mood_swings,2
b902d218,hyperthyroid_01,2024-09-08,hot_flashes,3
63a0ed97,hyperthyroid_01,2024-09-08,mood_swings,4
09a5985d,hyperthyroid_01,2024-09-08,headache,4
783ef55c,hyperthyroid_01,2024-09-09,mood_swings,5
9522aa69,hyperthyroid_01,2024-09-30,fatigue,5
72bb88c1,hyperthyroid_01,2024-09-30,hot_flashes,2
675e0be4,hyperthyroid_01,2024-09-30,headache,3
f8614b48,hyperthyroid_01,2024-10-02,fatigue,5
52b15ac9,hyperthyroid_01,2024-10-02,mood_swings,2
83e36c96,hyperthyroid_01,2024-10-03,hot_flashes,4
ca04187f,hyperthyroid_01,2024-10-03,mood_swings,5
76c451db,hyperthyroid_01,2024-10-04,hot_flashes,3
d8956dbd,hyperthyroid_01,2024-10-04,mood_swings,4
921c2ba7,hyperthyroid_01,2024-10-04,headache,2
8564f5b5,hyperthyroid_01,2024-10-05,fatigue,2
944ea663,hyperthyroid_01,2024-10-05,mood_swings,5
39d4b899,hyperthyroid_01,2024-10-21,fatigue,4
478bd87d,hyperthyroid_01,2024-10-21,hot_flashes,5
f39cc3d9,hyperthyroid_01,2024-10-21,mood_swings,5
0dead8aa,hyperthyroid_01,2024-10-22,fatigue,3
67493615,hyperthyroid_01,2024-10-22,hot_flashes,5
9b3d1406,hyperthyroid_01,2024-10-22,mood_swings,3
9bb421e9,hyperthyroid_01,2024-10-23,fatigue,4
f0b126d0,hyperthyroid_01,2024-10-23,hot_flashes,3
b7102cfd,hyperthyroid_01,2024-10-23,headache,5
0bd7c1e9,hyperthyroid_01,2024-10-24,hot_flashes,3
b20a7175,hyperthyroid_01,2024-10-24,mood_swings,2
09a27d95,hyperthyroid_01,2024-10-25,fatigue,3
22bee5f1,hyperthyroid_01,2024-10-25,hot_flashes,5
62003c92,hyperthyroid_01,2024-10-25,mood_swings,2
b0f96f18,hyperthyroid_01,2024-10-26,fatigue,2
88c332cb,hyperthyroid_01,2024-10-26,mood_swings,4
bf8618b6,hyperthyroid_01,2024-10-27,hot_flashes,5
d61e3caf,hyperthyroid_01,2024-10-27,headache,5
302bd265,hyperthyroid_01,2024-11-12,fatigue,5
077b6c8e,hyperthyroid_01,2024-11-12,mood_swings,5
b2de099d,hyperthyroid_01,2024-11-13,hot_flashes,4
7db359dc,hyperthyroid_01,2024-11-14,hot_flashes,3
00f823e6,hyperthyroid_01,2024-11-14,mood_swings,3
0791a78a,hyperthyroid_01,2024-11-15,fatigue,4
df1a8647,hyperthyroid_01,2024-11-16,hot_flashes,5
83f55afb,hyperthyroid_01,2024-11-16,mood_swings,5
68b68e14,hyperthyroid_01,2024-11-16,headache,4
53804643,hyperthyroid_01,2024-11-17,hot_flashes,5
abb50abd,hyperthyroid_01,2024-11-17,mood_swings,4
7e9a5d00,hyperthyroid_01,2024-11-17,headache,5
d7eb2ea8,hyperthyroid_01,2024-12-07,fatigue,5
cb934ebe,hyperthyroid_01,2024-12-07,headache,2
70a61727,hyperthyroid_01,2024-12-08,hot_flashes,2
a96bb4ea,hyperthyroid_01,2024-12-08,mood_swings,4
9d4f3819,hyperthyroid_01,2024-12-09,hot_flashes,4
624259cf,hyperthyroid_01,2024-12-09,headache,4
8aabcfc5,hyperthyroid_01,2024-12-10,hot_flashes,4
2a95090d,hyperthyroid_01,2024-12-11,fatigue,3
665fd680,hyperthyroid_01,2024-12-11,headache,5
c0d1809f,hyperthyroid_01,2024-12-12,fatigue,2
2d3ff8d2,hyperthyroid_01,2024-12-12,hot_flashes,2
24c10e69,hyperthyroid_01,2024-12-12,headache,5
e0b982c6,hyperthyroid_01,2024-12-30,mood_swings,4
c5c3a124,hyperthyroid_01,2024-12-31,fatigue,5
57396ec7,hyperthyroid_01,2024-12-31,headache,2
738e80d6,hyperthyroid_01,2025-01-01,hot_flashes,3
f0bc025e,hyperthyroid_01,2025-01-02,hot_flashes,2
512a5dd5,hyperthyroid_01,2025-01-02,mood_swings,4
f206de57,hyperthyroid_01,2025-01-03,fatigue,2
2f6eef88,hyperthyroid_01,2025-01-03,hot_flashes,5
3f423e62,hyperthyroid_01,2025-01-03,mood_swings,2
1b943878,hyperthyroid_01,2025-01-03,headache,5
b87201d4,hyperthyroid_01,2025-01-04,hot_flashes,5
b9c0d06e,hyperthyroid_01,2025-01-04,mood_swings,3
750c9dee,hyperthyroid_01,2025-01-05,fatigue,4
38e41f51,hyperthyroid_01,2025-01-05,hot_flashes,4
5369270e,hyperthyroid_01,2025-01-05,mood_swings,4
03e84322,hyperthyroid_01,2025-01-05,headache,2
97984c4e,hyperthyroid_01,2025-01-15,fatigue,3
c12dd9cd,hyperthyroid_01,2025-01-15,hot_flashes,3
f4da83d3,hyperthyroid_01,2025-01-15,mood_swings,3
7d4f7a11,hyperthyroid_01,2025-01-16,mood_swings,5
350627ac,hyperthyroid_01,2025-01-17,hot_flashes,3
39306bbf,hyperthyroid_01,2025-01-17,mood_swings,2
458cb02b,hyperthyroid_01,2025-01-17,headache,3
0471c17f,hyperthyroid_01,2025-01-18,hot_flashes,5
ed8079cc,hyperthyroid_01,2025-01-18,mood_swings,5
a7045925,hyperthyroid_01,2025-01-18,headache,3
7237fe20,hyperthyroid_01,2025-01-19,fatigue,2
57ed50fe,hyperthyroid_01,2025-01-19,hot_flashes,4
91e1346e,hyperthyroid_01,2025-01-19,mood_swings,5
a3214db1,hyperthyroid_01,2025-01-19,headache,4
605df9dd,hyperthyroid_01,2025-01-20,hot_flashes,4
3c1d3000,hyperthyroid_01,2025-01-20,headache,2
c959f260,hyperthyroid_01,2025-02-02,mood_swings,5
6f2736ad,hyperthyroid_01,2025-02-03,mood_swings,5
de8b1398,hyperthyroid_01,2025-02-04,mood_swings,2
edc14162,hyperthyroid_01,2025-02-04,headache,3
68666644,hyperthyroid_01,2025-02-05,hot_flashes,3
33786fe6,hyperthyroid_01,2025-02-05,mood_swings,4
99830231,hyperthyroid_01,2025-02-06,fatigue,5
6af2b614,hyperthyroid_01,2025-02-06,mood_swings,2
4068f26c,hyperthyroid_01,2025-02-06,headache,4
dd817ff7,hyperthyroid_01,2025-02-07,hot_flashes,5
681506c4,hyperthyroid_01,2025-02-07,mood_swings,4
aa3d36f4,hyperthyroid_01,2025-02-07,headache,2
5cb3880f,hyperthyroid_01,2025-02-08,hot_flashes,2
ff22b301,hyperthyroid_01,2025-03-02,mood_swings,4
662b8d73,hyperthyroid_01,2025-03-03,fatigue,3
126758ae,hyperthyroid_01,2025-03-03,mood_swings,3
cf99f8f2,hyperthyroid_01,2025-03-03,headache,2
8960c7b4,hyperthyroid_01,2025-03-04,hot_flashes,2
de0bf4a6,hyperthyroid_01,2025-03-05,hot_flashes,4
7cf7c3ba,hyperthyroid_01,2025-03-05,headache,3
ee7e98b8,hyperthyroid_01,2025-03-06,mood_swings,3
91272adf,hyperthyroid_01,2025-03-06,headache,4
86813d84,hyperthyroid_01,2025-03-07,hot_flashes,3
339b146a,hyperthyroid_01,2025-03-17,fatigue,2
f5c5154f,hyperthyroid_01,2025-03-17,hot_flashes,3
f16a704d,hyperthyroid_01,2025-03-17,mood_swings,3
bc4b355f,hyperthyroid_01,2025-03-17,headache,2
8923b5e7,hyperthyroid_01,2025-03-18,fatigue,5
c37d446a,hyperthyroid_01,2025-03-18,hot_flashes,3
80d01372,hyperthyroid_01,2025-03-18,mood_swings,4
6a9e43a8,hyperthyroid_01,2025-03-18,headache,2
75ac64a7,hyperthyroid_01,2025-03-19,hot_flashes,2
ae775fbf,hyperthyroid_01,2025-03-19,mood_swings,4
7a5aa4d4,hyperthyroid_01,2025-03-19,headache,5
af31d796,hyperthyroid_01,2025-03-20,fatigue,2
f4f07627,hyperthyroid_01,2025-03-20,hot_flashes,2
591c977a,hyperthyroid_01,2025-03-21,hot_flashes,4
dfdc901e,hyperthyroid_01,2025-03-21,headache,5
f70066a5,hyperthyroid_01,2025-03-22,fatigue,5
056bd403,hyperthyroid_01,2025-03-22,hot_flashes,4
6d7a720e,hyperthyroid_01,2025-03-22,mood_swings,4
721d2ba6,hyperthyroid_01,2025-03-22,headache,3
90241e98,hyperthyroid_01,2025-03-23,hot_flashes,5
d2b624dc,hyperthyroid_01,2025-04-06,fatigue,4
04a4017f,hyperthyroid_01,2025-04-06,hot_flashes,2
b1a9c12b,hyperthyroid_01,2025-04-06,mood_swings,2
27eb9d44,hyperthyroid_01,2025-04-07,mood_swings,2
2e4e743f,hyperthyroid_01,2025-04-07,headache,3
a2881105,hyperthyroid_01,2025-04-08,fatigue,4
10102351,hyperthyroid_01,2025-04-08,hot_flashes,2
6ba8bf53,hyperthyroid_01,2025-04-08,mood_swings,3
f1a40eec,hyperthyroid_01,2025-04-09,hot_flashes,2
77f643c9,hyperthyroid_01,2025-04-10,hot_flashes,5
a338ae42,hyperthyroid_01,2025-04-26,fatigue,2
db507c4a,hyperthyroid_01,2025-04-26,hot_flashes,2
adccfd83,hyperthyroid_01,2025-04-26,mood_swings,3
c3ad1aeb,hyperthyroid_01,2025-04-26,headache,4
d1a342d3,hyperthyroid_01,2025-04-27,fatigue,3
0ca38044,hyperthyroid_01,2025-04-27,hot_flashes,5
4d2a22c4,hyperthyroid_01,2025-04-27,mood_swings,3
5a0d853e,hyperthyroid_01,2025-04-27,headache,2
ef3ed268,hyperthyroid_01,2025-04-28,fatigue,5
3a68c55c,hyperthyroid_01,2025-04-28,mood_swings,4
34c35513,hyperthyroid_01,2025-04-29,hot_flashes,3
2ab5c3b2,hyperthyroid_01,2025-04-29,mood_swings,2
a35ed49a,hyperthyroid_01,2025-04-29,headache,4
a07b0a26,hyperthyroid_01,2025-04-30,fatigue,4
12479b90,hyperthyroid_01,2025-04-30,hot_flashes,2
ed205488,hyperthyroid_01,2025-04-30,mood_swings,2
402d651c,hyperthyroid_01,2025-05-01,fatigue,5
a424744b,hyperthyroid_01,2025-05-01,hot_flashes,5
88f03701,hyperthyroid_01,2025-05-01,mood_swings,2
d20c22c8,hyperthyroid_01,2025-05-01,headache,3
296ca53a,hyperthyroid_01,2025-05-22,fatigue,4
fc7b2c34,hyperthyroid_01,2025-05-22,mood_swings,5
c0e0583e,hyperthyroid_01,2025-05-23,hot_flashes,2
8f4836d8,hyperthyroid_01,2025-05-23,mood_swings,2
47a3dbce,hyperthyroid_01,2025-05-24,hot_flashes,4
a9a1b485,hyperthyroid_01,2025-05-24,mood_swings,4
bc4fe0d1,hyperthyroid_01,2025-05-24,headache,2
fe496cd3,hyperthyroid_01,2025-05-25,hot_flashes,4
17677df2,hyperthyroid_01,2025-05-25,mood_swings,3
78f2733d,hyperthyroid_01,2025-05-25,headache,5
4123a1bc,hyperthyroid_01,2025-05-26,mood_swings,5
ef7f9210,hyperthyroid_01,2025-05-26,headache,3
6c528a71,hyperthyroid_01,2025-05-27,fatigue,5
c0e78dc1,hyperthyroid_01,2025-05-27,hot_flashes,2
1f80eff3,hyperthyroid_01,2025-05-27,mood_swings,3
28194e59,hyperthyroid_01,2025-06-12,hot_flashes,4
4cc918ff,hyperthyroid_01,2025-06-12,mood_swings,4
cf805c94,hyperthyroid_01,2025-06-13,fatigue,2
446c56e3,hyperthyroid_01,2025-06-13,headache,2
633ec7de,hyperthyroid_01,2025-06-14,fatigue,2
b602d588,hyperthyroid_01,2025-06-16,mood_swings,4
85b99efb,hyperthyroid_01,2025-06-16,headache,2
3e0d641b,hyperthyroid_01,2025-06-17,fatigue,2
3358add9,hyperthyroid_01,2025-06-17,mood_swings,5
0b2a70dd,hyperthyroid_01,2025-06-17,headache,3
3c040b8c,hyperthyroid_01,2025-07-05,fatigue,2
005f5568,hyperthyroid_01,2025-07-05,mood_swings,3
85938430,hyperthyroid_01,2025-07-05,headache,5
1e14b63b,hyperthyroid_01,2025-07-06,fatigue,4
8c6ffaa5,hyperthyroid_01,2025-07-07,hot_flashes,5
9145107e,hyperthyroid_01,2025-07-07,headache,3
29e3958e,hyperthyroid_01,2025-07-08,hot_flashes,3
0ccb6b7e,hyperthyroid_01,2025-07-08,headache,3
bcb8ee02,hyperthyroid_01,2025-07-09,headache,3
bf6ccaef,hyperthyroid_01,2025-07-31,fatigue,4
7bcdbe5e,hyperthyroid_01,2025-07-31,hot_flashes,4
18dc4aa0,hyperthyroid_01,2025-08-01,fatigue,5
3e0493bc,hyperthyroid_01,2025-08-01,hot_flashes,2
a52bdea1,hyperthyroid_01,2025-08-01,headache,4
323b1686,hyperthyroid_01,2025-08-02,hot_flashes,4
4bedc954,hyperthyroid_01,2025-08-03,hot_flashes,3
a997164e,hyperthyroid_01,2025-08-03,mood_swings,4
a8f6bd94,hyperthyroid_01,2025-08-04,fatigue,5
def08113,hyperthyroid_01,2025-08-04,hot_flashes,4
b13c2529,hyperthyroid_01,2025-08-05,hot_flashes,5
ae5d3724,hyperthyroid_01,2025-08-05,mood_swings,5
53cfc150,hyperthyroid_01,2025-08-19,hot_flashes,5
e9eee319,hyperthyroid_01,2025-08-20,fatigue,5
dc3b780c,hyperthyroid_01,2025-08-20,hot_flashes,2
83adbe45,hyperthyroid_01,2025-08-21,hot_flashes,5
fb943d97,hyperthyroid_01,2025-08-21,mood_swings,3
225aea3e,hyperthyroid_01,2025-08-21,headache,5
743c2555,hyperthyroid_01,2025-08-22,fatigue,4
56c72509,hyperthyroid_01,2025-08-22,hot_flashes,4
93b52e0b,hyperthyroid_01,2025-08-23,hot_flashes,5
96668042,hyperthyroid_01,2025-08-23,mood_swings,5
18fcd59f,hyperthyroid_01,2025-08-23,headache,2
020903be,hyperthyroid_01,2025-08-24,hot_flashes,3
f93ac2e6,hyperthyroid_01,2025-08-24,mood_swings,3
f640e6a9,hyperthyroid_01,2025-08-24,headache,2
99015f7e,hyperthyroid_01,2025-08-25,fatigue,3
c4cce8d8,hyperthyroid_01,2025-08-25,mood_swings,4
bc6bcbcb,hyperthyroid_02,2024-01-01,fatigue,4
d1d61fd0,hyperthyroid_02,2024-01-01,hot_flashes,4
80183ae0,hyperthyroid_02,2024-01-01,mood_swings,2
2f6a1c2d,hyperthyroid_02,2024-01-01,headache,3
043b9ded,hyperthyroid_02,2024-01-02,hot_flashes,5
807a562a,hyperthyroid_02,2024-01-02,mood_swings,4
2c5cc55e,hyperthyroid_02,2024-01-03,hot_flashes,3
4d44a903,hyperthyroid_02,2024-01-03,mood_swings,2
24865d0a,hyperthyroid_02,2024-01-04,hot_flashes,4
96a199df,hyperthyroid_02,2024-01-04,headache,3
f92ef4c1,hyperthyroid_02,2024-01-28,hot_flashes,4
08fae2c1,hyperthyroid_02,2024-01-28,headache,2
cdd0d9b7,hyperthyroid_02,2024-01-30,hot_flashes,3
d581d62f,hyperthyroid_02,2024-01-30,mood_swings,2
3af2435c,hyperthyroid_02,2024-01-31,fatigue,4
b7e80ec0,hyperthyroid_02,2024-01-31,hot_flashes,2
eb834986,hyperthyroid_02,2024-01-31,headache,5
e3cb0053,hyperthyroid_02,2024-02-01,fatigue,4
788a948c,hyperthyroid_02,2024-02-01,hot_flashes,4
33fc5141,hyperthyroid_02,2024-02-01,mood_swings,5
23cfb713,hyperthyroid_02,2024-02-01,headache,2
cc9cd061,hyperthyroid_02,2024-02-21,fatigue,2
79b6ff7f,hyperthyroid_02,2024-02-21,hot_flashes,2
9e36a620,hyperthyroid_02,2024-02-21,mood_swings,4
f9d69919,hyperthyroid_02,2024-02-21,headache,3
6a9ee19f,hyperthyroid_02,2024-02-22,hot_flashes,4
4cb01e68,hyperthyroid_02,2024-02-22,mood_swings,4
fb05295e,hyperthyroid_02,2024-02-23,fatigue,3
518fff5b,hyperthyroid_02,2024-02-23,hot_flashes,5
a41ea6e9,hyperthyroid_02,2024-02-24,fatigue,3
38c08cba,hyperthyroid_02,2024-02-24,hot_flashes,4
e846849e,hyperthyroid_02,2024-02-25,fatigue,5
f8d44ad8,hyperthyroid_02,2024-02-25,hot_flashes,4
06455a55,hyperthyroid_02,2024-02-25,mood_swings,2
55221b18,hyperthyroid_02,2024-02-26,fatigue,4
8688345f,hyperthyroid_02,2024-02-26,hot_flashes,4
49c77ff5,hyperthyroid_02,2024-02-27,hot_flashes,5
6216e892,hyperthyroid_02,2024-02-27,mood_swings,5
10ad65dc,hyperthyroid_02,2024-02-27,headache,5
1ae0e626,hyperthyroid_02,2024-03-12,fatigue,2
00618325,hyperthyroid_02,2024-03-12,mood_swings,2
8aaf63fb,hyperthyroid_02,2024-03-13,hot_flashes,4
26139710,hyperthyroid_02,2024-03-13,headache,4
531498e3,hyperthyroid_02,2024-03-14,hot_flashes,2
0081319b,hyperthyroid_02,2024-03-14,headache,4
c6fa409b,hyperthyroid_02,2024-03-15,hot_flashes,3
ef92f148,hyperthyroid_02,2024-03-16,fatigue,2
11e50d80,hyperthyroid_02,2024-03-17,fatigue,3
c4e395f3,hyperthyroid_02,2024-03-17,hot_flashes,4
6a4144f4,hyperthyroid_02,2024-03-17,mood_swings,4
7398f669,hyperthyroid_02,2024-04-05,fatigue,2
9cb3b53c,hyperthyroid_02,2024-04-05,hot_flashes,4
6008f478,hyperthyroid_02,2024-04-05,headache,3
58348876,hyperthyroid_02,2024-04-06,hot_flashes,3
d7d97703,hyperthyroid_02,2024-04-07,hot_flashes,2
f7cfd5bd,hyperthyroid_02,2024-04-08,mood_swings,4
a80946b7,hyperthyroid_02,2024-04-09,fatigue,2
83d0d65e,hyperthyroid_02,2024-04-09,hot_flashes,5
05c41be4,hyperthyroid_02,2024-04-09,mood_swings,4
6ee6e9b4,hyperthyroid_02,2024-04-23,fatigue,3
f1806912,hyperthyroid_02,2024-04-23,hot_flashes,4
0db42d2a,hyperthyroid_02,2024-04-23,mood_swings,4
be3b1b63,hyperthyroid_02,2024-04-23,headache,2
4463cb5b,hyperthyroid_02,2024-04-24,fatigue,5
4870b8db,hyperthyroid_02,2024-04-24,hot_flashes,2
9ebc26c5,hyperthyroid_02,2024-04-24,mood_swings,5
a748f7e8,hyperthyroid_02,2024-04-25,fatigue,3
65c6bfa8,hyperthyroid_02,2024-04-25,mood_swings,4
e8e06c8f,hyperthyroid_02,2024-04-26,mood_swings,3
7d7259d5,hyperthyroid_02,2024-04-27,fatigue,5
0ad8f318,hyperthyroid_02,2024-04-27,hot_flashes,5
13a0b782,hyperthyroid_02,2024-04-27,mood_swings,5
0624dbf6,hyperthyroid_02,2024-04-27,headache,2
0e2f1c7f,hyperthyroid_02,2024-04-28,fatigue,2
db705504,hyperthyroid_02,2024-04-28,hot_flashes,2
71e39c0e,hyperthyroid_02,2024-05-12,hot_flashes,2
b2e3c33d,hyperthyroid_02,2024-05-12,mood_swings,5
ae371af5,hyperthyroid_02,2024-05-13,fatigue,4
63a49e06,hyperthyroid_02,2024-05-13,hot_flashes,2
6c622de7,hyperthyroid_02,2024-05-13,mood_swings,3
5035f076,hyperthyroid_02,2024-05-13,headache,4
e3ec32f3,hyperthyroid_02,2024-05-15,hot_flashes,5
d61d7e13,hyperthyroid_02,2024-05-15,headache,3
45a211e6,hyperthyroid_02,2024-05-16,hot_flashes,3
64b0bdde,hyperthyroid_02,2024-05-16,mood_swings,4
9c9f733f,hyperthyroid_02,2024-05-17,hot_flashes,2
e97c67c0,hyperthyroid_02,2024-05-17,mood_swings,3
0f34d7a6,hyperthyroid_02,2024-05-18,fatigue,2
b1124408,hyperthyroid_02,2024-05-18,mood_swings,4
00b36b53,hyperthyroid_02,2024-06-05,mood_swings,5
f06dbc3d,hyperthyroid_02,2024-06-06,hot_flashes,5
32667b9c,hyperthyroid_02,2024-06-07,fatigue,5
5421a0c8,hyperthyroid_02,2024-06-07,hot_flashes,2
4e797735,hyperthyroid_02,2024-06-07,headache,2
0c198c55,hyperthyroid_02,2024-06-08,fatigue,2
68c1a70d,hyperthyroid_02,2024-06-08,hot_flashes,5
25a854f1,hyperthyroid_02,2024-06-08,headache,4
6a452cb9,hyperthyroid_02,2024-06-09,hot_flashes,4
1d4ea109,hyperthyroid_02,2024-06-09,mood_swings,3
3a9ca844,hyperthyroid_02,2024-06-09,headache,2
5249774e,hyperthyroid_02,2024-06-10,mood_swings,5
e92cfebf,hyperthyroid_02,2024-06-10,headache,5
295adf5c,hyperthyroid_02,2024-07-03,hot_flashes,2
11b1733b,hyperthyroid_02,2024-07-03,mood_swings,3
8508fc60,hyperthyroid_02,2024-07-04,mood_swings,4
ad4276ad,hyperthyroid_02,2024-07-05,fatigue,3
b70b0837,hyperthyroid_02,2024-07-05,mood_swings,2
08a7902e,hyperthyroid_02,2024-07-06,hot_flashes,3
feabc3c5,hyperthyroid_02,2024-07-07,hot_flashes,4
a0639839,hyperthyroid_02,2024-07-07,mood_swings,4
2979cea4,hyperthyroid_02,2024-07-08,fatigue,4
85ca179d,hyperthyroid_02,2024-07-08,hot_flashes,3
9c0ed8ad,hyperthyroid_02,2024-07-08,mood_swings,4
dd87f8a9,hyperthyroid_02,2024-07-08,headache,2
832d8c45,hyperthyroid_02,2024-07-09,fatigue,2
2a40c441,hyperthyroid_02,2024-07-28,fatigue,5
c1d8784b,hyperthyroid_02,2024-07-28,mood_swings,2
289af55d,hyperthyroid_02,2024-07-29,fatigue,3
acd3c9a1,hyperthyroid_02,2024-07-29,hot_flashes,2
e2bf28b9,hyperthyroid_02,2024-07-29,headache,5
cb7d55fc,hyperthyroid_02,2024-07-30,mood_swings,4
8f796866,hyperthyroid_02,2024-07-31,hot_flashes,3
7d446e4b,hyperthyroid_02,2024-07-31,mood_swings,2
73f1898a,hyperthyroid_02,2024-07-31,headache,3
a286cce6,hyperthyroid_02,2024-08-01,fatigue,4
7a3671d7,hyperthyroid_02,2024-08-01,hot_flashes,2
fc18c9bf,hyperthyroid_02,2024-08-01,headache,5
fa18c907,hyperthyroid_02,2024-08-02,fatigue,3
405fdaf9,hyperthyroid_02,2024-08-02,mood_swings,2
cca7da72,hyperthyroid_02,2024-08-20,fatigue,2
d5d4a10e,hyperthyroid_02,2024-08-21,fatigue,3
175ba208,hyperthyroid_02,2024-08-21,mood_swings,4
42b71032,hyperthyroid_02,2024-08-21,headache,5
1f14d977,hyperthyroid_02,2024-08-22,hot_flashes,2
f51aa856,hyperthyroid_02,2024-08-22,headache,2
b337e5a6,hyperthyroid_02,2024-08-23,fatigue,2
9020068b,hyperthyroid_02,2024-08-23,hot_flashes,5
e92297c6,hyperthyroid_02,2024-08-23,mood_swings,4
ce1cfaa7,hyperthyroid_02,2024-08-23,headache,5
06150e66,hyperthyroid_02,2024-08-24,hot_flashes,3
a0d47937,hyperthyroid_02,2024-09-08,fatigue,5
5c48a75d,hyperthyroid_02,2024-09-08,hot_flashes,5
a2e2efb6,hyperthyroid_02,2024-09-08,mood_swings,2
82920c7a,hyperthyroid_02,2024-09-09,fatigue,2
7090363c,hyperthyroid_02,2024-09-09,hot_flashes,3
cfe9742a,hyperthyroid_02,2024-09-09,headache,4
cc14f3b1,hyperthyroid_02,2024-09-10,hot_flashes,5
a32f8e50,hyperthyroid_02,2024-09-10,headache,3
b2f71647,hyperthyroid_02,2024-09-11,fatigue,2
554bbd21,hyperthyroid_02,2024-09-11,hot_flashes,5
3799a6e2,hyperthyroid_02,2024-09-11,headache,2
17923207,hyperthyroid_02,2024-09-12,hot_flashes,2
aad495d9,hyperthyroid_02,2024-09-12,mood_swings,3
4360e155,hyperthyroid_02,2024-09-28,fatigue,2
dce83f47,hyperthyroid_02,2024-09-28,headache,3
0de69d4e,hyperthyroid_02,2024-09-29,hot_flashes,3
7b9d3d20,hyperthyroid_02,2024-09-29,headache,3
02a89564,hyperthyroid_02,2024-09-30,fatigue,2
f618d631,hyperthyroid_02,2024-09-30,hot_flashes,2
65a5c937,hyperthyroid_02,2024-09-30,mood_swings,2
b76184e8,hyperthyroid_02,2024-10-01,hot_flashes,4
78c4b1a5,hyperthyroid_02,2024-10-01,mood_swings,3
73cef20a,hyperthyroid_02,2024-10-02,hot_flashes,4
5d970990,hyperthyroid_02,2024-10-02,mood_swings,4
054c2ea8,hyperthyroid_02,2024-10-02,headache,2
767c9eca,hyperthyroid_02,2024-10-03,fatigue,4
c594390e,hyperthyroid_02,2024-10-03,hot_flashes,4
bd137203,hyperthyroid_02,2024-10-13,hot_flashes,3
69aea5bb,hyperthyroid_02,2024-10-13,headache,2
7e522ee3,hyperthyroid_02,2024-10-14,fatigue,3
531c6f70,hyperthyroid_02,2024-10-14,hot_flashes,4
87211b28,hyperthyroid_02,2024-10-14,mood_swings,5
dc953797,hyperthyroid_02,2024-10-15,fatigue,3
1b4ea62e,hyperthyroid_02,2024-10-15,hot_flashes,5
dda041ca,hyperthyroid_02,2024-10-15,mood_swings,5
e350c7ab,hyperthyroid_02,2024-10-15,headache,5
66699aa1,hyperthyroid_02,2024-10-16,hot_flashes,4
1db5c9ab,hyperthyroid_02,2024-10-16,mood_swings,5
330ed05f,hyperthyroid_02,2024-11-08,fatigue,5
0c2cfc86,hyperthyroid_02,2024-11-08,hot_flashes,2
12c24ee1,hyperthyroid_02,2024-11-08,headache,3
43552cb2,hyperthyroid_02,2024-11-09,hot_flashes,4
b86d6934,hyperthyroid_02,2024-11-09,mood_swings,5
82a96099,hyperthyroid_02,2024-11-09,headache,4
ba9beb04,hyperthyroid_02,2024-11-10,fatigue,5
cb930741,hyperthyroid_02,2024-11-10,mood_swings,5
1340c8f1,hyperthyroid_02,2024-11-11,fatigue,2
79d9186b,hyperthyroid_02,2024-11-11,hot_flashes,4
15854445,hyperthyroid_02,2024-11-11,mood_swings,4
e3c9c53b,hyperthyroid_02,2024-11-12,hot_flashes,5
d3713aaf,hyperthyroid_02,2024-11-13,fatigue,2
7ff9377e,hyperthyroid_02,2024-11-13,hot_flashes,5
089430b8,hyperthyroid_02,2024-11-13,headache,3
68eaad30,hyperthyroid_02,2024-11-14,fatigue,5
a8be70c2,hyperthyroid_02,2024-11-14,hot_flashes,5
e0496482,hyperthyroid_02,2024-11-14,mood_swings,5
414782a9,hyperthyroid_02,2024-11-23,fatigue,2
1b813743,hyperthyroid_02,2024-11-23,hot_flashes,4
7f2b5743,hyperthyroid_02,2024-11-24,hot_flashes,5
49d9fa70,hyperthyroid_02,2024-11-24,headache,2
b6c49940,hyperthyroid_02,2024-11-25,mood_swings,4
e7dfdd41,hyperthyroid_02,2024-11-26,fatigue,2
49add5c7,hyperthyroid_02,2024-11-26,hot_flashes,4
d0a8e4cf,hyperthyroid_02,2024-11-27,fatigue,5
2e24aeaa,hyperthyroid_02,2024-11-27,hot_flashes,2
2b41d95e,hyperthyroid_02,2024-11-27,mood_swings,2
e368c846,hyperthyroid_02,2024-11-28,hot_flashes,4
07f459fc,hyperthyroid_02,2024-11-28,headache,4
972bacbd,hyperthyroid_02,2024-12-19,fatigue,5
24d62d97,hyperthyroid_02,2024-12-19,hot_flashes,3
cceffb16,hyperthyroid_02,2024-12-19,mood_swings,4
643c03c3,hyperthyroid_02,2024-12-19,headache,2
60b6f5bc,hyperthyroid_02,2024-12-20,hot_flashes,4
a913138e,hyperthyroid_02,2024-12-20,headache,4
34e44543,hyperthyroid_02,2024-12-21,hot_flashes,5
a850ecf6,hyperthyroid_02,2024-12-21,mood_swings,3
b1d8ea35,hyperthyroid_02,2024-12-22,hot_flashes,5
e57ec352,hyperthyroid_02,2024-12-22,mood_swings,3
d2315bd8,hyperthyroid_02,2025-01-11,fatigue,4
36f59064,hyperthyroid_02,2025-01-11,hot_flashes,3
4c5ab831,hyperthyroid_02,2025-01-11,mood_swings,5
f61ee9b2,hyperthyroid_02,2025-01-11,headache,3
3d6f0283,hyperthyroid_02,2025-01-12,fatigue,3
f712496d,hyperthyroid_02,2025-01-13,fatigue,2
ab2c4d21,hyperthyroid_02,2025-01-13,hot_flashes,5
cafaef71,hyperthyroid_02,2025-01-14,fatigue,5
710caa2e,hyperthyroid_02,2025-01-14,hot_flashes,2
01ce5a11,hyperthyroid_02,2025-01-14,mood_swings,3
9b1019f9,hyperthyroid_02,2025-01-14,headache,3
b354b2e6,hyperthyroid_02,2025-01-15,fatigue,3
af3f833a,hyperthyroid_02,2025-01-15,hot_flashes,3
236e6575,hyperthyroid_02,2025-01-15,mood_swings,3
02561356,hyperthyroid_02,2025-01-15,headache,5
cfe7c80c,hyperthyroid_02,2025-02-03,hot_flashes,5
fce2ce10,hyperthyroid_02,2025-02-03,mood_swings,4
4c012486,hyperthyroid_02,2025-02-04,hot_flashes,4
34088cbb,hyperthyroid_02,2025-02-04,headache,5
31801a02,hyperthyroid_02,2025-02-05,hot_flashes,3
b0e61abd,hyperthyroid_02,2025-02-05,mood_swings,2
2fa66943,hyperthyroid_02,2025-02-05,headache,4
92076433,hyperthyroid_02,2025-02-06,fatigue,2
e5c7de6f,hyperthyroid_02,2025-02-06,hot_flashes,5
1620cbb9,hyperthyroid_02,2025-02-06,headache,4
8f987e98,hyperthyroid_02,2025-02-07,fatigue,5
7276413b,hyperthyroid_02,2025-02-07,mood_swings,2
f2a83a7b,hyperthyroid_02,2025-02-07,headache,2
3fd62e36,hyperthyroid_02,2025-02-08,fatigue,4
65145a31,hyperthyroid_02,2025-02-08,hot_flashes,4
e4b99b80,hyperthyroid_02,2025-02-09,fatigue,3
a8b800ef,hyperthyroid_02,2025-02-09,mood_swings,4
620c5056,hyperthyroid_02,2025-02-23,hot_flashes,5
4277455b,hyperthyroid_02,2025-02-23,mood_swings,2
56b4a4ca,hyperthyroid_02,2025-02-24,fatigue,3
97599a3c,hyperthyroid_02,2025-02-24,hot_flashes,3
891e294b,hyperthyroid_02,2025-02-25,fatigue,2
a46240aa,hyperthyroid_02,2025-02-25,hot_flashes,4
9c28f195,hyperthyroid_02,2025-02-25,mood_swings,5
ff4f444b,hyperthyroid_02,2025-03-18,fatigue,5
9b7e8b45,hyperthyroid_02,2025-03-18,hot_flashes,2
7bd87c32,hyperthyroid_02,2025-03-18,mood_swings,3
39d446ed,hyperthyroid_02,2025-03-19,mood_swings,2
f50d71c7,hyperthyroid_02,2025-03-20,hot_flashes,4
8447fa3c,hyperthyroid_02,2025-03-20,mood_swings,2
e7a612a0,hyperthyroid_02,2025-03-20,headache,3
d924378b,hyperthyroid_02,2025-03-21,hot_flashes,5
572d8bdb,hyperthyroid_02,2025-03-21,mood_swings,4
40b42374,hyperthyroid_02,2025-03-21,headache,2
ca2e4cb9,hyperthyroid_02,2025-03-22,fatigue,5
ae1a9114,hyperthyroid_02,2025-03-22,hot_flashes,2
bd1d37c9,hyperthyroid_02,2025-03-22,mood_swings,2
62ae2ac8,hyperthyroid_02,2025-03-22,headache,3
c60633c6,hyperthyroid_02,2025-04-10,fatigue,5
edf570a1,hyperthyroid_02,2025-04-10,hot_flashes,4
d6febd2b,hyperthyroid_02,2025-04-10,headache,4
7f01481a,hyperthyroid_02,2025-04-11,hot_flashes,2
5c97a616,hyperthyroid_02,2025-04-11,mood_swings,4
8c487808,hyperthyroid_02,2025-04-12,fatigue,5
63ace3b1,hyperthyroid_02,2025-04-12,hot_flashes,2
a6b04b19,hyperthyroid_02,2025-04-12,headache,5
3b5cae0a,hyperthyroid_02,2025-04-13,hot_flashes,4
f545d124,hyperthyroid_02,2025-04-13,mood_swings,2
85c15be2,hyperthyroid_02,2025-04-13,headache,5
27d8b6fa,hyperthyroid_02,2025-04-14,fatigue,4
9272ea00,hyperthyroid_02,2025-04-14,hot_flashes,3
a5e548a3,hyperthyroid_02,2025-04-14,mood_swings,4
25a6299e,hyperthyroid_02,2025-04-15,fatigue,3
d9a7dcfb,hyperthyroid_02,2025-04-15,hot_flashes,3
b87fef38,hyperthyroid_02,2025-04-15,mood_swings,2
6fd314c1,hyperthyroid_02,2025-05-05,fatigue,3
7bf3fd5a,hyperthyroid_02,2025-05-05,hot_flashes,2
3f1252e7,hyperthyroid_02,2025-05-05,mood_swings,4
f55dfee9,hyperthyroid_02,2025-05-06,fatigue,5
03237560,hyperthyroid_02,2025-05-06,hot_flashes,4
a6485cd9,hyperthyroid_02,2025-05-06,mood_swings,2
dbc44e37,hyperthyroid_02,2025-05-07,fatigue,5
54a8c733,hyperthyroid_02,2025-05-07,hot_flashes,2
bff0b50f,hyperthyroid_02,2025-05-07,headache,3
bdc3419a,hyperthyroid_02,2025-05-08,fatigue,3
a610b1b2,hyperthyroid_02,2025-05-08,hot_flashes,4
f656877d,hyperthyroid_02,2025-05-08,mood_swings,3
806f1791,hyperthyroid_02,2025-05-09,hot_flashes,2
b033ca49,hyperthyroid_02,2025-05-25,hot_flashes,2
57c46580,hyperthyroid_02,2025-05-25,mood_swings,4
35ca882e,hyperthyroid_02,2025-05-26,hot_flashes,3
a7d54c7d,hyperthyroid_02,2025-05-27,fatigue,3
cc62ef63,hyperthyroid_02,2025-05-28,hot_flashes,2
f5876831,hyperthyroid_02,2025-05-29,hot_flashes,5
2e79b834,hyperthyroid_02,2025-05-30,fatigue,3
f6df8d34,hyperthyroid_02,2025-05-30,hot_flashes,2
1dac667d,hyperthyroid_02,2025-05-30,mood_swings,3
eadeb21c,hyperthyroid_02,2025-05-31,fatigue,5
e1591d9e,hyperthyroid_02,2025-05-31,hot_flashes,3
26e78bef,hyperthyroid_02,2025-06-18,fatigue,4
92b025bc,hyperthyroid_02,2025-06-18,hot_flashes,4
619ead8d,hyperthyroid_02,2025-06-18,mood_swings,4
8303b660,hyperthyroid_02,2025-06-19,hot_flashes,5
7bf07240,hyperthyroid_02,2025-06-19,mood_swings,5
86412c5a,hyperthyroid_02,2025-06-19,headache,2
a07043c0,hyperthyroid_02,2025-06-20,fatigue,5
09229743,hyperthyroid_02,2025-06-20,headache,2
0dddb694,hyperthyroid_02,2025-06-21,hot_flashes,2
d9fd70e9,hyperthyroid_02,2025-06-21,headache,2
b7af8b4c,hyperthyroid_02,2025-06-22,hot_flashes,5
c45f8839,hyperthyroid_02,2025-06-22,mood_swings,5
f761f0ff,hyperthyroid_02,2025-06-23,hot_flashes,4
dc865365,hyperthyroid_02,2025-06-23,mood_swings,2
5b63e6ba,hyperthyroid_02,2025-07-18,fatigue,5
bb8756a5,hyperthyroid_02,2025-07-18,hot_flashes,3
3eafdde6,hyperthyroid_02,2025-07-18,mood_swings,4
89175636,hyperthyroid_02,2025-07-19,hot_flashes,3
8a3e78c5,hyperthyroid_02,2025-07-19,mood_swings,2
cf47173f,hyperthyroid_02,2025-07-20,fatigue,2
5b91f147,hyperthyroid_02,2025-07-20,headache,3
f426fcb6,hyperthyroid_02,2025-07-21,fatigue,2
724c9c5a,hyperthyroid_02,2025-07-21,mood_swings,3
549068eb,hyperthyroid_02,2025-07-21,headache,2
49572892,hyperthyroid_02,2025-07-22,fatigue,4
8d7f1781,hyperthyroid_02,2025-07-22,hot_flashes,2
90b4e054,hyperthyroid_02,2025-08-04,hot_flashes,4
b295ef5c,hyperthyroid_02,2025-08-05,fatigue,4
0cd7960b,hyperthyroid_02,2025-08-05,hot_flashes,3
07c1ba98,hyperthyroid_02,2025-08-06,hot_flashes,5
b076ef31,hyperthyroid_02,2025-08-07,fatigue,5
e1f681ca,hyperthyroid_02,2025-08-07,mood_swings,4
be98a82e,hyperthyroid_02,2025-08-07,headache,2
6ca764b0,hyperthyroid_02,2025-08-08,hot_flashes,3
84343c20,hyperthyroid_03,2024-01-01,fatigue,3
3c7964a0,hyperthyroid_03,2024-01-01,hot_flashes,4
b302384d,hyperthyroid_03,2024-01-02,fatigue,2
e3331c30,hyperthyroid_03,2024-01-02,hot_flashes,3
8c0a2da5,hyperthyroid_03,2024-01-03,headache,5
c84dc914,hyperthyroid_03,2024-01-04,hot_flashes,5
255cada2,hyperthyroid_03,2024-01-04,mood_swings,2
a9979964,hyperthyroid_03,2024-01-05,fatigue,5
95c70d92,hyperthyroid_03,2024-01-05,hot_flashes,4
2fdefdb0,hyperthyroid_03,2024-01-05,mood_swings,3
e10d3485,hyperthyroid_03,2024-01-05,headache,3
a76f8654,hyperthyroid_03,2024-01-06,fatigue,2
db793aa8,hyperthyroid_03,2024-01-06,mood_swings,5
ee23cc4e,hyperthyroid_03,2024-01-24,fatigue,2
9ae3f35c,hyperthyroid_03,2024-01-24,hot_flashes,4
dddecb2e,hyperthyroid_03,2024-01-24,mood_swings,2
35d9c1bd,hyperthyroid_03,2024-01-24,headache,3
6b86989d,hyperthyroid_03,2024-01-25,fatigue,3
f27a9300,hyperthyroid_03,2024-01-25,hot_flashes,2
6c21a82d,hyperthyroid_03,2024-01-25,mood_swings,2
dd05fb36,hyperthyroid_03,2024-01-25,headache,4
0848e608,hyperthyroid_03,2024-01-26,fatigue,5
120ae7ab,hyperthyroid_03,2024-01-26,hot_flashes,4
dd22ca2e,hyperthyroid_03,2024-01-27,fatigue,3
66ce6da0,hyperthyroid_03,2024-01-28,hot_flashes,2
a68aab60,hyperthyroid_03,2024-01-28,mood_swings,3
ca7dab13,hyperthyroid_03,2024-01-28,headache,4
43c61ae6,hyperthyroid_03,2024-01-29,hot_flashes,3
f8febeb2,hyperthyroid_03,2024-01-29,mood_swings,2
dc67e6b9,hyperthyroid_03,2024-02-14,fatigue,3
6660f47d,hyperthyroid_03,2024-02-15,hot_flashes,3
8a7d3749,hyperthyroid_03,2024-02-15,headache,4
9a15e852,hyperthyroid_03,2024-02-17,fatigue,5
88ad7138,hyperthyroid_03,2024-02-17,mood_swings,5
aecc0a33,hyperthyroid_03,2024-02-18,hot_flashes,3
f00ae812,hyperthyroid_03,2024-02-18,mood_swings,3
2a74c343,hyperthyroid_03,2024-02-19,fatigue,2
a8f9b0f7,hyperthyroid_03,2024-02-19,mood_swings,5
25b49d5f,hyperthyroid_03,2024-02-19,headache,2
0a684d7b,hyperthyroid_03,2024-03-03,fatigue,2
589522e6,hyperthyroid_03,2024-03-03,hot_flashes,2
abcde8a4,hyperthyroid_03,2024-03-03,mood_swings,4
2f0bcf94,hyperthyroid_03,2024-03-03,headache,4
f9932068,hyperthyroid_03,2024-03-04,hot_flashes,4
9ce32df0,hyperthyroid_03,2024-03-05,fatigue,2
c6afffea,hyperthyroid_03,2024-03-05,hot_flashes,3
2536678c,hyperthyroid_03,2024-03-06,hot_flashes,2
bb0d7541,hyperthyroid_03,2024-03-06,mood_swings,2
ce42b0af,hyperthyroid_03,2024-03-07,hot_flashes,2
8218c48a,hyperthyroid_03,2024-03-08,hot_flashes,2
b56db4a8,hyperthyroid_03,2024-03-08,mood_swings,3
6e4ac9ec,hyperthyroid_03,2024-03-08,headache,5
0b363c74,hyperthyroid_03,2024-03-24,fatigue,5
54816eae,hyperthyroid_03,2024-03-24,hot_flashes,4
926beab3,hyperthyroid_03,2024-03-24,mood_swings,4
2acf360a,hyperthyroid_03,2024-03-25,hot_flashes,4
c18e57de,hyperthyroid_03,2024-03-26,fatigue,5
a6bee630,hyperthyroid_03,2024-03-26,mood_swings,3
e1d2c89a,hyperthyroid_03,2024-03-26,headache,3
83a4d1eb,hyperthyroid_03,2024-03-27,hot_flashes,3
eb612ab8,hyperthyroid_03,2024-03-27,headache,2
3b808e8e,hyperthyroid_03,2024-03-28,mood_swings,4
6e316b84,hyperthyroid_03,2024-04-14,fatigue,4
e642ca01,hyperthyroid_03,2024-04-14,hot_flashes,3
63ef03b2,hyperthyroid_03,2024-04-15,fatigue,3
c77560e4,hyperthyroid_03,2024-04-15,hot_flashes,5
2e3e4bfb,hyperthyroid_03,2024-04-16,hot_flashes,4
b1db7a53,hyperthyroid_03,2024-04-16,mood_swings,4
e84b7830,hyperthyroid_03,2024-04-16,headache,4
c27be38b,hyperthyroid_03,2024-04-17,hot_flashes,5
9504b95a,hyperthyroid_03,2024-04-17,headache,5
ee6fefc7,hyperthyroid_03,2024-04-18,fatigue,2
87f23021,hyperthyroid_03,2024-04-18,mood_swings,5
6747974d,hyperthyroid_03,2024-04-19,fatigue,4
682abfb6,hyperthyroid_03,2024-04-19,headache,4
77a78e8f,hyperthyroid_03,2024-04-20,fatigue,2
08be2704,hyperthyroid_03,2024-04-20,hot_flashes,4
1cd284c5,hyperthyroid_03,2024-04-20,headache,4
3f9f92a9,hyperthyroid_03,2024-05-02,headache,3
b073c438,hyperthyroid_03,2024-05-03,fatigue,2
b3a59ab9,hyperthyroid_03,2024-05-03,hot_flashes,4
af02ad4d,hyperthyroid_03,2024-05-03,mood_swings,3
aa23cf84,hyperthyroid_03,2024-05-03,headache,5
910a61dd,hyperthyroid_03,2024-05-04,hot_flashes,3
a89e6566,hyperthyroid_03,2024-05-04,mood_swings,3
60d80533,hyperthyroid_03,2024-05-04,headache,5
40ac928c,hyperthyroid_03,2024-05-05,hot_flashes,3
03bc3c0a,hyperthyroid_03,2024-05-05,headache,4
37dbea8c,hyperthyroid_03,2024-05-06,hot_flashes,2
6b129c89,hyperthyroid_03,2024-05-06,headache,2
03c8fb9c,hyperthyroid_03,2024-05-18,fatigue,2
f372be3e,hyperthyroid_03,2024-05-18,mood_swings,2
af16e215,hyperthyroid_03,2024-05-19,hot_flashes,3
a3c457c7,hyperthyroid_03,2024-05-19,mood_swings,5
094af441,hyperthyroid_03,2024-05-20,fatigue,5
7e8eac2a,hyperthyroid_03,2024-05-20,hot_flashes,5
ae5ada68,hyperthyroid_03,2024-05-20,mood_swings,3
9ef24d58,hyperthyroid_03,2024-05-20,headache,4
a629b0bb,hyperthyroid_03,2024-05-21,fatigue,3
2976dfdb,hyperthyroid_03,2024-05-21,mood_swings,2
edbc4eb9,hyperthyroid_03,2024-05-22,fatigue,4
4998de76,hyperthyroid_03,2024-05-22,hot_flashes,4
4723173a,hyperthyroid_03,2024-05-22,headache,2
a15a6195,hyperthyroid_03,2024-05-23,fatigue,4
f0c9116d,hyperthyroid_03,2024-05-23,hot_flashes,5
9de38d1d,hyperthyroid_03,2024-05-23,mood_swings,4
2f942f1b,hyperthyroid_03,2024-05-24,fatigue,5
b013c3f7,hyperthyroid_03,2024-05-24,hot_flashes,4
e3a301f0,hyperthyroid_03,2024-05-24,mood_swings,5
110871f7,hyperthyroid_03,2024-05-24,headache,4
da43815e,hyperthyroid_03,2024-06-13,hot_flashes,3
c6d76491,hyperthyroid_03,2024-06-13,mood_swings,2
683db62c,hyperthyroid_03,2024-06-13,headache,4
a6f840c1,hyperthyroid_03,2024-06-14,fatigue,5
29023c71,hyperthyroid_03,2024-06-14,hot_flashes,5
ff683ef3,hyperthyroid_03,2024-06-15,fatigue,4
bce7c31c,hyperthyroid_03,2024-06-15,hot_flashes,4
8dc18f51,hyperthyroid_03,2024-06-15,mood_swings,2
d3463ee9,hyperthyroid_03,2024-06-16,fatigue,3
ca3927cf,hyperthyroid_03,2024-06-16,mood_swings,2
7d882d1f,hyperthyroid_03,2024-06-16,headache,5
92b82ff6,hyperthyroid_03,2024-06-17,fatigue,2
5c9e927e,hyperthyroid_03,2024-06-17,hot_flashes,2
daa5b7f9,hyperthyroid_03,2024-06-17,headache,3
a03614f0,hyperthyroid_03,2024-06-29,hot_flashes,2
7d37bb85,hyperthyroid_03,2024-06-29,mood_swings,5
3bcb172b,hyperthyroid_03,2024-06-30,fatigue,4
13208537,hyperthyroid_03,2024-06-30,hot_flashes,5
5c00b5ca,hyperthyroid_03,2024-07-01,mood_swings,4
89a0472a,hyperthyroid_03,2024-07-01,headache,3
e504947d,hyperthyroid_03,2024-07-02,fatigue,4
ec5d9b9b,hyperthyroid_03,2024-07-02,hot_flashes,3
d7bbd793,hyperthyroid_03,2024-07-02,mood_swings,5
46f24500,hyperthyroid_03,2024-07-02,headache,2
e9fe5570,hyperthyroid_03,2024-07-03,fatigue,5
b68d287c,hyperthyroid_03,2024-07-03,hot_flashes,2
8d1a5aec,hyperthyroid_03,2024-07-03,mood_swings,2
ac09d737,hyperthyroid_03,2024-07-03,headache,2
8613e2d3,hyperthyroid_03,2024-07-04,headache,3
c5955c6c,hyperthyroid_03,2024-07-05,fatigue,5
d7d52c3a,hyperthyroid_03,2024-07-05,hot_flashes,2
746103a2,hyperthyroid_03,2024-07-26,fatigue,4
45f7b265,hyperthyroid_03,2024-07-26,hot_flashes,2
b9206e7a,hyperthyroid_03,2024-07-28,hot_flashes,5
f58fa61d,hyperthyroid_03,2024-07-29,fatigue,4
9acb69ed,hyperthyroid_03,2024-07-29,hot_flashes,5
3786b131,hyperthyroid_03,2024-07-29,mood_swings,3
90b52fef,hyperthyroid_03,2024-07-29,headache,2
a845e03a,hyperthyroid_03,2024-07-30,fatigue,2
27f9fab8,hyperthyroid_03,2024-07-30,hot_flashes,3
6eeb7ed0,hyperthyroid_03,2024-07-31,fatigue,2
e60ea54f,hyperthyroid_03,2024-07-31,hot_flashes,4
8d6932ec,hyperthyroid_03,2024-08-16,fatigue,2
00206517,hyperthyroid_03,2024-08-16,hot_flashes,5
1d9d4508,hyperthyroid_03,2024-08-16,mood_swings,4
34feaa58,hyperthyroid_03,2024-08-17,hot_flashes,2
410fb7b3,hyperthyroid_03,2024-08-18,fatigue,4
f32962e7,hyperthyroid_03,2024-08-18,hot_flashes,5
0911b6bd,hyperthyroid_03,2024-08-18,mood_swings,2
675a3ebf,hyperthyroid_03,2024-08-18,headache,2
cb46427c,hyperthyroid_03,2024-08-19,fatigue,4
eadc3cab,hyperthyroid_03,2024-08-19,mood_swings,4
0d38440f,hyperthyroid_03,2024-08-20,hot_flashes,4
89c67eb4,hyperthyroid_03,2024-08-21,fatigue,2
eb3046a4,hyperthyroid_03,2024-08-21,hot_flashes,4
e134afd6,hyperthyroid_03,2024-08-21,mood_swings,3
211c5dc4,hyperthyroid_03,2024-09-05,hot_flashes,5
3e97c59a,hyperthyroid_03,2024-09-05,mood_swings,3
c49f791c,hyperthyroid_03,2024-09-05,headache,2
c8a88f89,hyperthyroid_03,2024-09-06,hot_flashes,4
3b2e4883,hyperthyroid_03,2024-09-06,mood_swings,5
76270519,hyperthyroid_03,2024-09-07,fatigue,5
4ffaa3ff,hyperthyroid_03,2024-09-07,hot_flashes,3
a79768a8,hyperthyroid_03,2024-09-07,mood_swings,5
43757635,hyperthyroid_03,2024-09-07,headache,2
0cbdf8f4,hyperthyroid_03,2024-09-08,hot_flashes,4
170fb7d4,hyperthyroid_03,2024-09-08,mood_swings,5
66134f8b,hyperthyroid_03,2024-09-08,headache,2
90dfcf95,hyperthyroid_03,2024-09-09,fatigue,5
7d139756,hyperthyroid_03,2024-09-09,hot_flashes,4
ef0d4bee,hyperthyroid_03,2024-09-09,mood_swings,2
987d02d4,hyperthyroid_03,2024-09-09,headache,3
d39797eb,hyperthyroid_03,2024-09-10,fatigue,5
da6cf86f,hyperthyroid_03,2024-09-10,mood_swings,4
da034b32,hyperthyroid_03,2024-09-11,hot_flashes,4
6b36fd85,hyperthyroid_03,2024-09-11,headache,4
990bb6b4,hyperthyroid_03,2024-09-24,fatigue,2
65e1628d,hyperthyroid_03,2024-09-24,hot_flashes,2
dd30a81b,hyperthyroid_03,2024-09-25,fatigue,2
f8a18ce7,hyperthyroid_03,2024-09-25,hot_flashes,3
4cf1b4a2,hyperthyroid_03,2024-09-25,headache,4
e36bd7fa,hyperthyroid_03,2024-09-27,fatigue,2
5a2b1e41,hyperthyroid_03,2024-09-27,hot_flashes,2
aff08cf3,hyperthyroid_03,2024-09-27,mood_swings,5
64ebfdb4,hyperthyroid_03,2024-09-28,hot_flashes,2
e86cb3a8,hyperthyroid_03,2024-09-28,mood_swings,2
2f0f9e37,hyperthyroid_03,2024-09-28,headache,4
5ee56012,hyperthyroid_03,2024-09-29,fatigue,4
ecb143aa,hyperthyroid_03,2024-09-29,hot_flashes,5
7f0947e8,hyperthyroid_03,2024-09-29,mood_swings,3
67eb5f1d,hyperthyroid_03,2024-09-29,headache,4
64320ccc,hyperthyroid_03,2024-10-18,mood_swings,3
17e1f14d,hyperthyroid_03,2024-10-18,headache,2
1ab6602e,hyperthyroid_03,2024-10-19,fatigue,2
555412c0,hyperthyroid_03,2024-10-19,headache,2
d63cdce4,hyperthyroid_03,2024-10-20,mood_swings,3
09b10d03,hyperthyroid_03,2024-10-20,headache,5
3215054d,hyperthyroid_03,2024-10-21,hot_flashes,5
d028e87d,hyperthyroid_03,2024-10-22,hot_flashes,5
69ea9d19,hyperthyroid_03,2024-10-22,mood_swings,5
d99625f2,hyperthyroid_03,2024-10-22,headache,4
7c173b3d,hyperthyroid_03,2024-10-23,hot_flashes,3
5046df02,hyperthyroid_03,2024-10-23,mood_swings,5
5e4b278a,hyperthyroid_03,2024-11-14,fatigue,4
673df855,hyperthyroid_03,2024-11-14,mood_swings,3
acbd385c,hyperthyroid_03,2024-11-15,hot_flashes,5
83121d9d,hyperthyroid_03,2024-11-15,headache,2
72b98c6f,hyperthyroid_03,2024-11-16,mood_swings,3
a8443fee,hyperthyroid_03,2024-11-17,hot_flashes,5
0a7935ac,hyperthyroid_03,2024-11-17,mood_swings,2
cbaab9f2,hyperthyroid_03,2024-12-01,hot_flashes,3
6d34eb87,hyperthyroid_03,2024-12-01,mood_swings,2
3bab3aca,hyperthyroid_03,2024-12-01,headache,4
a4ba0d18,hyperthyroid_03,2024-12-02,fatigue,3
8075b8b2,hyperthyroid_03,2024-12-02,mood_swings,4
1a48af06,hyperthyroid_03,2024-12-02,headache,5
053c891b,hyperthyroid_03,2024-12-03,fatigue,5
6807bfca,hyperthyroid_03,2024-12-03,hot_flashes,4
25c674fa,hyperthyroid_03,2024-12-04,fatigue,5
8cf54da2,hyperthyroid_03,2024-12-04,hot_flashes,3
feb9bd3d,hyperthyroid_03,2024-12-04,mood_swings,3
c2c341d0,hyperthyroid_03,2024-12-04,headache,3
f59eb303,hyperthyroid_03,2024-12-05,fatigue,2
18491e3a,hyperthyroid_03,2024-12-05,hot_flashes,5
b233f09a,hyperthyroid_03,2024-12-05,mood_swings,3
7b0fdf67,hyperthyroid_03,2024-12-05,headache,3
e0b0df08,hyperthyroid_03,2024-12-06,mood_swings,2
e588bcee,hyperthyroid_03,2024-12-07,fatigue,2
e1a31a8a,hyperthyroid_03,2024-12-07,hot_flashes,2
6b519e0c,hyperthyroid_03,2024-12-22,fatigue,4
2c060f2f,hyperthyroid_03,2024-12-22,hot_flashes,5
b5331589,hyperthyroid_03,2024-12-22,mood_swings,5
d9bf450c,hyperthyroid_03,2024-12-22,headache,4
a8e8643f,hyperthyroid_03,2024-12-24,fatigue,2
2911f307,hyperthyroid_03,2024-12-24,mood_swings,3
3874f392,hyperthyroid_03,2024-12-25,fatigue,4
c421c7e2,hyperthyroid_03,2024-12-25,hot_flashes,5
3fc9e9fd,hyperthyroid_03,2024-12-26,hot_flashes,5
cf5cfe50,hyperthyroid_03,2024-12-26,mood_swings,3
fb32e230,hyperthyroid_03,2024-12-27,fatigue,2
afcdb0ad,hyperthyroid_03,2024-12-27,hot_flashes,4
839b7bac,hyperthyroid_03,2024-12-27,mood_swings,5
3316a648,hyperthyroid_03,2024-12-28,hot_flashes,3
e2dc7224,hyperthyroid_03,2025-01-19,fatigue,5
8b0e23dd,hyperthyroid_03,2025-01-19,hot_flashes,3
eb86fc33,hyperthyroid_03,2025-01-19,mood_swings,2
4d14095c,hyperthyroid_03,2025-01-20,hot_flashes,3
cc60e815,hyperthyroid_03,2025-01-20,mood_swings,3
4e2c89cd,hyperthyroid_03,2025-01-21,headache,5
4b5ba9a9,hyperthyroid_03,2025-01-22,fatigue,3
9c1985c8,hyperthyroid_03,2025-01-22,mood_swings,5
f0194b19,hyperthyroid_03,2025-01-22,headache,2
fac277f4,hyperthyroid_03,2025-01-23,hot_flashes,3
5f6ea18e,hyperthyroid_03,2025-01-23,mood_swings,3
9b12b9a7,hyperthyroid_03,2025-01-23,headache,2
9aa1bac4,hyperthyroid_03,2025-01-24,fatigue,5
57fbb82a,hyperthyroid_03,2025-01-24,hot_flashes,2
ab3bfa18,hyperthyroid_03,2025-01-24,headache,2
64bd13af,hyperthyroid_03,2025-01-25,hot_flashes,3
1a9776cb,hyperthyroid_03,2025-01-25,headache,3
4bfc6d69,hyperthyroid_03,2025-02-18,fatigue,5
6c972603,hyperthyroid_03,2025-02-18,mood_swings,4
0b189845,hyperthyroid_03,2025-02-19,hot_flashes,3
f19224e1,hyperthyroid_03,2025-02-19,headache,5
05a3fc33,hyperthyroid_03,2025-02-20,hot_flashes,4
caecaacf,hyperthyroid_03,2025-02-20,headache,5
4bc897a1,hyperthyroid_03,2025-02-21,hot_flashes,5
18dbf954,hyperthyroid_03,2025-02-21,mood_swings,2
a8c0d289,hyperthyroid_03,2025-02-21,headache,3
0565673c,hyperthyroid_03,2025-02-22,fatigue,5
ff7d06ec,hyperthyroid_03,2025-02-22,hot_flashes,2
a549dfb4,hyperthyroid_03,2025-02-22,mood_swings,5
fb328679,hyperthyroid_03,2025-03-16,fatigue,2
b40ee69f,hyperthyroid_03,2025-03-17,fatigue,5
867c0780,hyperthyroid_03,2025-03-17,hot_flashes,2
02c65030,hyperthyroid_03,2025-03-17,mood_swings,4
53a01671,hyperthyroid_03,2025-03-18,hot_flashes,4
4063b7a8,hyperthyroid_03,2025-03-19,fatigue,2
279a8724,hyperthyroid_03,2025-03-19,hot_flashes,5
a47cbdb0,hyperthyroid_03,2025-03-19,mood_swings,2
b01890db,hyperthyroid_03,2025-03-19,headache,3
912af603,hyperthyroid_03,2025-03-20,fatigue,4
07e24418,hyperthyroid_03,2025-03-20,hot_flashes,2
8dcaf0f4,hyperthyroid_03,2025-03-20,mood_swings,4
0fcc949b,hyperthyroid_03,2025-03-20,headache,5
ced746e2,hyperthyroid_03,2025-03-21,fatigue,3
962d7da2,hyperthyroid_03,2025-03-21,hot_flashes,3
7ca6ec69,hyperthyroid_03,2025-03-21,headache,5
0faa9924,hyperthyroid_03,2025-03-22,hot_flashes,4
1236dfa2,hyperthyroid_03,2025-03-22,mood_swings,3
843b761b,hyperthyroid_03,2025-03-22,headache,5
b7236164,hyperthyroid_03,2025-04-09,fatigue,3
0dfbae62,hyperthyroid_03,2025-04-10,fatigue,5
a6b6ded3,hyperthyroid_03,2025-04-10,hot_flashes,4
fd490a4f,hyperthyroid_03,2025-04-10,mood_swings,5
65c0f6c1,hyperthyroid_03,2025-04-11,fatigue,3
c78a9032,hyperthyroid_03,2025-04-11,hot_flashes,4
6715f87d,hyperthyroid_03,2025-04-11,headache,3
a11146b5,hyperthyroid_03,2025-04-12,fatigue,2
d0ae9cb2,hyperthyroid_03,2025-04-12,hot_flashes,4
2ab4483f,hyperthyroid_03,2025-04-12,mood_swings,3
ead0ab4d,hyperthyroid_03,2025-04-12,headache,3
309e4881,hyperthyroid_03,2025-04-13,hot_flashes,4
6dc73cae,hyperthyroid_03,2025-05-05,hot_flashes,5
ebc399f9,hyperthyroid_03,2025-05-06,fatigue,3
7fd1a6be,hyperthyroid_03,2025-05-06,hot_flashes,3
47802df8,hyperthyroid_03,2025-05-07,hot_flashes,4
7547e126,hyperthyroid_03,2025-05-07,mood_swings,2
e9e7644e,hyperthyroid_03,2025-05-08,fatigue,5
adf7b210,hyperthyroid_03,2025-05-08,mood_swings,3
0fb3658a,hyperthyroid_03,2025-05-09,fatigue,2
32b7b97e,hyperthyroid_03,2025-05-09,hot_flashes,3
bad354a9,hyperthyroid_03,2025-05-09,mood_swings,5
820fc44f,hyperthyroid_03,2025-05-10,fatigue,5
4eeaa5c1,hyperthyroid_03,2025-05-10,hot_flashes,3
906a7393,hyperthyroid_03,2025-05-24,hot_flashes,4
1649a481,hyperthyroid_03,2025-05-24,headache,2
29f15a83,hyperthyroid_03,2025-05-25,hot_flashes,4
909d26f1,hyperthyroid_03,2025-05-25,headache,3
dde84a0f,hyperthyroid_03,2025-05-26,fatigue,2
13def300,hyperthyroid_03,2025-05-26,hot_flashes,5
8de93ac0,hyperthyroid_03,2025-05-26,mood_swings,5
8733ca28,hyperthyroid_03,2025-05-26,headache,3
5b2ec1c6,hyperthyroid_03,2025-05-27,fatigue,3
99eaa220,hyperthyroid_03,2025-05-27,hot_flashes,3
e5d65532,hyperthyroid_03,2025-05-27,mood_swings,3
5ed421f4,hyperthyroid_03,2025-05-28,headache,5
a97ff23c,hyperthyroid_03,2025-06-19,fatigue,5
4938374b,hyperthyroid_03,2025-06-19,mood_swings,2
653aad5b,hyperthyroid_03,2025-06-20,fatigue,5
0644c5f1,hyperthyroid_03,2025-06-20,hot_flashes,3
f885a150,hyperthyroid_03,2025-06-20,mood_swings,5
4bed57d0,hyperthyroid_03,2025-06-21,hot_flashes,4
e0464613,hyperthyroid_03,2025-06-21,mood_swings,3
cc824045,hyperthyroid_03,2025-06-22,fatigue,4
a7407ae9,hyperthyroid_03,2025-06-22,mood_swings,2
cb865793,hyperthyroid_03,2025-06-22,headache,5
d8b3dfb8,hyperthyroid_03,2025-06-23,fatigue,5
a7a11d27,hyperthyroid_03,2025-06-23,hot_flashes,4
1ad68550,hyperthyroid_03,2025-06-23,mood_swings,4
1de28d23,hyperthyroid_03,2025-06-24,fatigue,2
f0326316,hyperthyroid_03,2025-06-24,hot_flashes,4
5178a07b,hyperthyroid_03,2025-06-24,mood_swings,5
e6a88288,hyperthyroid_03,2025-07-16,fatigue,4
5b3704f6,hyperthyroid_03,2025-07-17,fatigue,5
c0867468,hyperthyroid_03,2025-07-17,hot_flashes,3
8d8423a1,hyperthyroid_03,2025-07-17,mood_swings,3
0fa785c0,hyperthyroid_03,2025-07-18,fatigue,3
03d19c7e,hyperthyroid_03,2025-07-18,hot_flashes,3
5a0b37b2,hyperthyroid_03,2025-07-19,hot_flashes,3
4f6545be,hyperthyroid_03,2025-07-20,hot_flashes,4
4cf34f56,hyperthyroid_03,2025-07-21,hot_flashes,5
effb2aad,hyperthyroid_03,2025-07-21,mood_swings,4
ed547833,hyperthyroid_03,2025-08-13,fatigue,2
06e74085,hyperthyroid_03,2025-08-13,hot_flashes,4
d037c591,hyperthyroid_03,2025-08-14,fatigue,5
4b1b4555,hyperthyroid_03,2025-08-14,mood_swings,3
3442b096,hyperthyroid_03,2025-08-15,fatigue,5
c857ca69,hyperthyroid_03,2025-08-15,hot_flashes,2
6d202302,hyperthyroid_03,2025-08-15,headache,4
bc7bc25c,hyperthyroid_03,2025-08-16,hot_flashes,2
fc51f2ee,hyperthyroid_03,2025-08-17,fatigue,5
a338d2be,hyperthyroid_03,2025-08-17,hot_flashes,4
229b8c87,hyperthyroid_03,2025-08-17,headache,3
fede3fa6,hyperthyroid_03,2025-08-18,fatigue,4
c9156cc5,hyperthyroid_04,2024-01-01,hot_flashes,2
c0ebfcf1,hyperthyroid_04,2024-01-01,headache,4
d907d31d,hyperthyroid_04,2024-01-02,mood_swings,3
4b0204fb,hyperthyroid_04,2024-01-02,headache,5
b43265d6,hyperthyroid_04,2024-01-03,fatigue,3
112c100e,hyperthyroid_04,2024-01-03,hot_flashes,5
e15bec55,hyperthyroid_04,2024-01-03,headache,3
cf488b5d,hyperthyroid_04,2024-01-04,fatigue,5
43705056,hyperthyroid_04,2024-01-04,hot_flashes,2
a45574ea,hyperthyroid_04,2024-01-05,hot_flashes,5
d534dd52,hyperthyroid_04,2024-01-05,mood_swings,3
e5eb8853,hyperthyroid_04,2024-01-07,mood_swings,5
37f8e437,hyperthyroid_04,2024-01-23,fatigue,5
6e998746,hyperthyroid_04,2024-01-23,hot_flashes,2
0c9291e6,hyperthyroid_04,2024-01-23,mood_swings,4
384f1594,hyperthyroid_04,2024-01-24,hot_flashes,3
f64b9238,hyperthyroid_04,2024-01-24,mood_swings,2
8efecc90,hyperthyroid_04,2024-01-25,fatigue,5
9a34e456,hyperthyroid_04,2024-01-25,hot_flashes,4
9783306b,hyperthyroid_04,2024-01-25,headache,4
f51ddd74,hyperthyroid_04,2024-01-26,hot_flashes,2
3eabef57,hyperthyroid_04,2024-01-26,headache,5
9d0fbe2f,hyperthyroid_04,2024-01-27,headache,4
32476a8e,hyperthyroid_04,2024-01-28,fatigue,3
74908196,hyperthyroid_04,2024-01-28,hot_flashes,5
913bb1e4,hyperthyroid_04,2024-02-15,hot_flashes,3
73bd7582,hyperthyroid_04,2024-02-15,mood_swings,3
4ee02d9e,hyperthyroid_04,2024-02-17,hot_flashes,5
33e0cb75,hyperthyroid_04,2024-02-17,mood_swings,4
0f2e8876,hyperthyroid_04,2024-02-18,mood_swings,5
3539bd71,hyperthyroid_04,2024-02-19,hot_flashes,5
ca5a6858,hyperthyroid_04,2024-02-19,mood_swings,3
dbbf189c,hyperthyroid_04,2024-02-20,hot_flashes,3
e8c395d1,hyperthyroid_04,2024-02-20,mood_swings,5
91300b05,hyperthyroid_04,2024-02-21,fatigue,5
32fb359f,hyperthyroid_04,2024-02-21,hot_flashes,5
bee607f9,hyperthyroid_04,2024-02-21,mood_swings,3
7086a5a3,hyperthyroid_04,2024-02-21,headache,2
acee3139,hyperthyroid_04,2024-03-05,hot_flashes,3
93616ff9,hyperthyroid_04,2024-03-05,mood_swings,3
0dd08877,hyperthyroid_04,2024-03-06,hot_flashes,3
0ac33b50,hyperthyroid_04,2024-03-07,hot_flashes,4
bcd27be3,hyperthyroid_04,2024-03-07,headache,3
fbb531b0,hyperthyroid_04,2024-03-08,fatigue,3
e1efb8fc,hyperthyroid_04,2024-03-08,headache,3
cbb33095,hyperthyroid_04,2024-03-09,fatigue,3
e232598f,hyperthyroid_04,2024-03-09,hot_flashes,4
b53279f1,hyperthyroid_04,2024-03-09,headache,5
bfc23217,hyperthyroid_04,2024-03-10,fatigue,2
34a61384,hyperthyroid_04,2024-03-10,hot_flashes,3
808c0a51,hyperthyroid_04,2024-03-10,mood_swings,5
82e60e37,hyperthyroid_04,2024-03-25,fatigue,4
ed9bb3b8,hyperthyroid_04,2024-03-25,hot_flashes,4
6758d991,hyperthyroid_04,2024-03-26,fatigue,3
f9c6bd62,hyperthyroid_04,2024-03-26,hot_flashes,5
5fffe990,hyperthyroid_04,2024-03-26,mood_swings,4
18abcbcd,hyperthyroid_04,2024-03-26,headache,5
06c40547,hyperthyroid_04,2024-03-27,hot_flashes,4
73a75f1a,hyperthyroid_04,2024-03-27,mood_swings,5
f685a4c3,hyperthyroid_04,2024-03-28,fatigue,3
5e587dab,hyperthyroid_04,2024-03-28,hot_flashes,3
f2bfd7ba,hyperthyroid_04,2024-03-29,hot_flashes,2
884223ca,hyperthyroid_04,2024-03-29,headache,5
c350d9ea,hyperthyroid_04,2024-03-30,hot_flashes,3
e9f22e42,hyperthyroid_04,2024-03-30,mood_swings,3
68b93964,hyperthyroid_04,2024-04-19,hot_flashes,5
2ae7a47b,hyperthyroid_04,2024-04-19,mood_swings,5
d900168a,hyperthyroid_04,2024-04-20,fatigue,2
de043577,hyperthyroid_04,2024-04-20,mood_swings,4
1a039ee4,hyperthyroid_04,2024-04-21,fatigue,4
f55b53d3,hyperthyroid_04,2024-04-21,hot_flashes,5
79bd17da,hyperthyroid_04,2024-04-21,mood_swings,4
81570ee6,hyperthyroid_04,2024-04-22,fatigue,5
36a69963,hyperthyroid_04,2024-04-23,hot_flashes,3
c2ca1eff,hyperthyroid_04,2024-04-23,mood_swings,3
f8aad3fa,hyperthyroid_04,2024-05-07,hot_flashes,3
044259f7,hyperthyroid_04,2024-05-08,fatigue,5
9cec46e0,hyperthyroid_04,2024-05-08,hot_flashes,3
bd1957f5,hyperthyroid_04,2024-05-09,hot_flashes,3
c09599b7,hyperthyroid_04,2024-05-09,mood_swings,5
e3d95c2d,hyperthyroid_04,2024-05-09,headache,4
4b89290f,hyperthyroid_04,2024-05-10,hot_flashes,5
aced6de0,hyperthyroid_04,2024-05-10,headache,5
17c66524,hyperthyroid_04,2024-05-11,fatigue,2
4a9d8b9f,hyperthyroid_04,2024-05-11,headache,2
327dc299,hyperthyroid_04,2024-05-30,fatigue,5
b75433a6,hyperthyroid_04,2024-05-30,headache,2
e94f57f8,hyperthyroid_04,2024-05-31,hot_flashes,3
73511ae6,hyperthyroid_04,2024-06-01,hot_flashes,2
620c5943,hyperthyroid_04,2024-06-01,headache,5
641ddd1b,hyperthyroid_04,2024-06-02,hot_flashes,2
f623a83c,hyperthyroid_04,2024-06-02,mood_swings,4
bb2bf115,hyperthyroid_04,2024-06-02,headache,5
ce5db7f8,hyperthyroid_04,2024-06-03,fatigue,3
d08b555d,hyperthyroid_04,2024-06-03,mood_swings,2
8ebe66e5,hyperthyroid_04,2024-06-04,fatigue,3
0c5c0798,hyperthyroid_04,2024-06-04,hot_flashes,5
38776ab9,hyperthyroid_04,2024-06-04,mood_swings,4
695260f9,hyperthyroid_04,2024-06-04,headache,2
810ff98a,hyperthyroid_04,2024-06-23,fatigue,5
f4f194d2,hyperthyroid_04,2024-06-24,fatigue,3
e0e97f40,hyperthyroid_04,2024-06-24,hot_flashes,2
8a20ab6d,hyperthyroid_04,2024-06-25,fatigue,2
e974cde1,hyperthyroid_04,2024-06-25,mood_swings,5
a73c146b,hyperthyroid_04,2024-06-25,headache,4
8dcac726,hyperthyroid_04,2024-06-26,fatigue,4
6e50159f,hyperthyroid_04,2024-06-26,hot_flashes,2
68cc840c,hyperthyroid_04,2024-06-27,hot_flashes,5
49211d82,hyperthyroid_04,2024-07-14,fatigue,4
dfdcafe8,hyperthyroid_04,2024-07-14,hot_flashes,5
1a476740,hyperthyroid_04,2024-07-14,mood_swings,5
29019437,hyperthyroid_04,2024-07-15,fatigue,4
27c94ac8,hyperthyroid_04,2024-07-15,hot_flashes,2
e1eb5625,hyperthyroid_04,2024-07-16,fatigue,4
630d6b8e,hyperthyroid_04,2024-07-16,hot_flashes,5
9c402220,hyperthyroid_04,2024-07-16,headache,5
1319dcff,hyperthyroid_04,2024-07-17,fatigue,5
848b28a6,hyperthyroid_04,2024-07-17,mood_swings,4
dc70df80,hyperthyroid_04,2024-07-17,headache,2
a24a938c,hyperthyroid_04,2024-07-18,hot_flashes,3
4bd09096,hyperthyroid_04,2024-08-08,fatigue,4
c4f620dd,hyperthyroid_04,2024-08-08,hot_flashes,5
42774074,hyperthyroid_04,2024-08-08,mood_swings,5
38fd647c,hyperthyroid_04,2024-08-08,headache,5
a7e86cc6,hyperthyroid_04,2024-08-09,hot_flashes,2
5f997d15,hyperthyroid_04,2024-08-09,headache,5
5c330b1d,hyperthyroid_04,2024-08-10,fatigue,5
4dada9c1,hyperthyroid_04,2024-08-10,mood_swings,4
3048fbc8,hyperthyroid_04,2024-08-11,fatigue,3
37c36b3a,hyperthyroid_04,2024-08-12,hot_flashes,4
53ab6acb,hyperthyroid_04,2024-08-12,mood_swings,4
818b9f01,hyperthyroid_04,2024-08-13,fatigue,5
d233a9c9,hyperthyroid_04,2024-08-13,mood_swings,2
ce0cda0d,hyperthyroid_04,2024-09-04,fatigue,5
e048c3f0,hyperthyroid_04,2024-09-04,hot_flashes,2
4807b7d1,hyperthyroid_04,2024-09-04,mood_swings,5
8b153ecd,hyperthyroid_04,2024-09-05,hot_flashes,2
f9a6fb3b,hyperthyroid_04,2024-09-05,mood_swings,2
f681fa40,hyperthyroid_04,2024-09-06,fatigue,4
94ac7d3c,hyperthyroid_04,2024-09-06,hot_flashes,3
fa3080f8,hyperthyroid_04,2024-09-06,mood_swings,4
b24f317c,hyperthyroid_04,2024-09-07,hot_flashes,3
fd4829e0,hyperthyroid_04,2024-09-07,headache,2
28ebc7f4,hyperthyroid_04,2024-09-08,hot_flashes,2
11a86452,hyperthyroid_04,2024-09-08,mood_swings,2
a576d04a,hyperthyroid_04,2024-09-08,headache,5
48c6af3b,hyperthyroid_04,2024-09-23,hot_flashes,3
04499665,hyperthyroid_04,2024-09-23,mood_swings,2
03002818,hyperthyroid_04,2024-09-23,headache,4
be4ec07b,hyperthyroid_04,2024-09-24,hot_flashes,3
4d7993c4,hyperthyroid_04,2024-09-25,fatigue,2
fc176766,hyperthyroid_04,2024-09-25,mood_swings,5
7ba5c0b3,hyperthyroid_04,2024-09-25,headache,5
0e8887bd,hyperthyroid_04,2024-09-26,fatigue,5
6abaa70a,hyperthyroid_04,2024-09-26,hot_flashes,4
3e521782,hyperthyroid_04,2024-09-27,fatigue,5
84251607,hyperthyroid_04,2024-09-27,hot_flashes,4
4db475b1,hyperthyroid_04,2024-09-27,headache,3
268a1453,hyperthyroid_04,2024-09-28,fatigue,4
bd4932b9,hyperthyroid_04,2024-09-28,hot_flashes,3
2561437d,hyperthyroid_04,2024-09-28,mood_swings,2
8fef1523,hyperthyroid_04,2024-10-13,headache,3
715e4397,hyperthyroid_04,2024-10-14,fatigue,3
2b744e32,hyperthyroid_04,2024-10-15,fatigue,5
9677e2be,hyperthyroid_04,2024-10-15,hot_flashes,2
080c28ed,hyperthyroid_04,2024-10-16,hot_flashes,4
9409a206,hyperthyroid_04,2024-10-16,mood_swings,2
6c72b490,hyperthyroid_04,2024-10-17,fatigue,2
f7dcc420,hyperthyroid_04,2024-10-17,mood_swings,5
eb91a8f9,hyperthyroid_04,2024-10-18,fatigue,4
5645a556,hyperthyroid_04,2024-10-18,hot_flashes,2
a919f749,hyperthyroid_04,2024-10-18,mood_swings,3
979f00ec,hyperthyroid_04,2024-11-08,fatigue,2
e8287b90,hyperthyroid_04,2024-11-08,hot_flashes,5
8fe335ba,hyperthyroid_04,2024-11-08,mood_swings,4
b3550ffc,hyperthyroid_04,2024-11-08,headache,5
34153f24,hyperthyroid_04,2024-11-09,fatigue,4
e7e66041,hyperthyroid_04,2024-11-09,hot_flashes,3
91b204cb,hyperthyroid_04,2024-11-09,mood_swings,5
937c0f6f,hyperthyroid_04,2024-11-10,fatigue,2
48c3a851,hyperthyroid_04,2024-11-10,hot_flashes,2
f3d7344f,hyperthyroid_04,2024-11-11,headache,5
5d9b50c5,hyperthyroid_04,2024-11-12,hot_flashes,4
94405afa,hyperthyroid_04,2024-11-12,mood_swings,3
660ec658,hyperthyroid_04,2024-11-12,headache,4
9b307122,hyperthyroid_04,2024-11-13,hot_flashes,3
138b73e2,hyperthyroid_04,2024-11-13,mood_swings,5
e9c7913c,hyperthyroid_04,2024-12-01,hot_flashes,2
8fe7fffa,hyperthyroid_04,2024-12-01,headache,5
2e0aded7,hyperthyroid_04,2024-12-02,fatigue,4
6713f9f9,hyperthyroid_04,2024-12-02,hot_flashes,5
903ce7db,hyperthyroid_04,2024-12-02,headache,4
6a8dadc0,hyperthyroid_04,2024-12-03,hot_flashes,3
bb701549,hyperthyroid_04,2024-12-04,hot_flashes,2
4c1f651c,hyperthyroid_04,2024-12-04,headache,2
a72708cb,hyperthyroid_04,2024-12-05,mood_swings,4
8cd2cdd7,hyperthyroid_04,2024-12-06,hot_flashes,5
b02bc25f,hyperthyroid_04,2024-12-06,mood_swings,3
18f0aa20,hyperthyroid_04,2024-12-22,fatigue,5
cfa0df52,hyperthyroid_04,2024-12-22,headache,5
898daaa1,hyperthyroid_04,2024-12-23,fatigue,3
104b987e,hyperthyroid_04,2024-12-23,hot_flashes,2
b31e384f,hyperthyroid_04,2024-12-23,headache,3
5ea29e44,hyperthyroid_04,2024-12-24,mood_swings,5
a3c51cc0,hyperthyroid_04,2024-12-25,hot_flashes,5
8f259ecb,hyperthyroid_04,2024-12-25,mood_swings,5
457e5a13,hyperthyroid_04,2024-12-26,fatigue,4
a831a764,hyperthyroid_04,2024-12-26,hot_flashes,4
8105242e,hyperthyroid_04,2025-01-18,fatigue,3
6e72d30a,hyperthyroid_04,2025-01-18,hot_flashes,3
5103fc51,hyperthyroid_04,2025-01-18,mood_swings,2
4b439ef8,hyperthyroid_04,2025-01-19,hot_flashes,5
0d7d3c56,hyperthyroid_04,2025-01-19,mood_swings,2
49a45806,hyperthyroid_04,2025-01-20,hot_flashes,3
4e8afdc0,hyperthyroid_04,2025-01-20,mood_swings,2
6950976d,hyperthyroid_04,2025-01-20,headache,4
2af83c24,hyperthyroid_04,2025-01-21,hot_flashes,4
426780c7,hyperthyroid_04,2025-01-21,mood_swings,3
9ccc0520,hyperthyroid_04,2025-01-22,hot_flashes,2
c3325936,hyperthyroid_04,2025-01-22,headache,4
4dc7deb7,hyperthyroid_04,2025-01-23,fatigue,5
8a756684,hyperthyroid_04,2025-01-23,hot_flashes,3
cbaad3e8,hyperthyroid_04,2025-01-23,headache,2
ba17e607,hyperthyroid_04,2025-01-24,mood_swings,5
a19c1ed9,hyperthyroid_04,2025-01-24,headache,4
4e2e839a,hyperthyroid_04,2025-02-15,hot_flashes,2
09405657,hyperthyroid_04,2025-02-15,mood_swings,3
d55f6aec,hyperthyroid_04,2025-02-16,hot_flashes,2
5a793ae2,hyperthyroid_04,2025-02-16,mood_swings,5
74363d15,hyperthyroid_04,2025-02-17,fatigue,5
5716b0a4,hyperthyroid_04,2025-02-17,hot_flashes,5
75aa9da5,hyperthyroid_04,2025-02-17,headache,4
320dcc2a,hyperthyroid_04,2025-02-18,fatigue,4
9704edd8,hyperthyroid_04,2025-02-18,hot_flashes,2
e39808af,hyperthyroid_04,2025-02-18,headache,2
f051d012,hyperthyroid_04,2025-03-16,hot_flashes,2
58d6d4c7,hyperthyroid_04,2025-03-17,fatigue,4
382ca96e,hyperthyroid_04,2025-03-17,hot_flashes,4
605d059e,hyperthyroid_04,2025-03-17,mood_swings,5
d3617a03,hyperthyroid_04,2025-03-17,headache,5
1949ba79,hyperthyroid_04,2025-03-18,fatigue,4
e6d3cd4a,hyperthyroid_04,2025-03-18,hot_flashes,2
bc6d0eeb,hyperthyroid_04,2025-03-18,mood_swings,3
69dc8e88,hyperthyroid_04,2025-03-18,headache,2
93148360,hyperthyroid_04,2025-03-19,mood_swings,5
d92e511a,hyperthyroid_04,2025-04-04,hot_flashes,5
cd889fd4,hyperthyroid_04,2025-04-04,mood_swings,4
97237f33,hyperthyroid_04,2025-04-04,headache,3
17b6282b,hyperthyroid_04,2025-04-06,fatigue,3
40bee8d1,hyperthyroid_04,2025-04-06,hot_flashes,2
c1cc1bb0,hyperthyroid_04,2025-04-07,fatigue,5
281155c5,hyperthyroid_04,2025-04-07,hot_flashes,3
d10aeb52,hyperthyroid_04,2025-04-07,mood_swings,3
06b56439,hyperthyroid_04,2025-04-08,fatigue,5
7f61938a,hyperthyroid_04,2025-04-08,mood_swings,4
167b6f43,hyperthyroid_04,2025-04-08,headache,5
1f963921,hyperthyroid_04,2025-04-09,hot_flashes,5
2db0a82d,hyperthyroid_04,2025-04-09,mood_swings,4
490058a5,hyperthyroid_04,2025-04-09,headache,3
b4a9193d,hyperthyroid_04,2025-04-10,hot_flashes,2
18efc92d,hyperthyroid_04,2025-04-10,headache,5
617cfecb,hyperthyroid_04,2025-04-11,fatigue,3
10381a85,hyperthyroid_04,2025-04-11,mood_swings,2
ce55efc7,hyperthyroid_04,2025-05-04,mood_swings,4
386f8065,hyperthyroid_04,2025-05-05,headache,3
cb348124,hyperthyroid_04,2025-05-06,fatigue,5
29fda85e,hyperthyroid_04,2025-05-06,hot_flashes,3
83cab19a,hyperthyroid_04,2025-05-07,fatigue,2
b44ffe6f,hyperthyroid_04,2025-05-07,hot_flashes,4
6667773a,hyperthyroid_04,2025-05-07,mood_swings,4
65869886,hyperthyroid_04,2025-05-08,fatigue,2
7af4047f,hyperthyroid_04,2025-05-08,headache,3
67dba1c1,hyperthyroid_04,2025-05-09,fatigue,4
9801eb21,hyperthyroid_04,2025-05-10,fatigue,3
cda3af9d,hyperthyroid_04,2025-05-10,mood_swings,3
5d50f348,hyperthyroid_04,2025-05-10,headache,4
8cb5ed3f,hyperthyroid_04,2025-06-04,hot_flashes,4
137ff20a,hyperthyroid_04,2025-06-04,mood_swings,5
5d796944,hyperthyroid_04,2025-06-05,mood_swings,5
00b3ad5e,hyperthyroid_04,2025-06-06,hot_flashes,5
f0651111,hyperthyroid_04,2025-06-06,mood_swings,5
5adba7b3,hyperthyroid_04,2025-06-07,hot_flashes,2
816108b0,hyperthyroid_04,2025-06-07,mood_swings,4
3625554d,hyperthyroid_04,2025-07-03,hot_flashes,3
f1d0ecba,hyperthyroid_04,2025-07-03,mood_swings,3
f7ac51d6,hyperthyroid_04,2025-07-04,fatigue,3
4eb29750,hyperthyroid_04,2025-07-04,hot_flashes,4
be8c5349,hyperthyroid_04,2025-07-04,mood_swings,5
67524e74,hyperthyroid_04,2025-07-05,fatigue,2
f60955c6,hyperthyroid_04,2025-07-05,hot_flashes,5
187d2a66,hyperthyroid_04,2025-07-05,headache,4
0f3afb03,hyperthyroid_04,2025-07-06,hot_flashes,4
8ae0686b,hyperthyroid_04,2025-07-07,fatigue,5
1ba6b650,hyperthyroid_04,2025-07-07,hot_flashes,4
c60af920,hyperthyroid_04,2025-07-07,mood_swings,2
e91e7064,hyperthyroid_04,2025-07-07,headache,2
26f42a90,hyperthyroid_04,2025-07-08,fatigue,3
c128267f,hyperthyroid_04,2025-07-08,hot_flashes,2
0e5ca6b0,hyperthyroid_04,2025-07-08,headache,5
b2e0b197,hyperthyroid_04,2025-07-09,fatigue,5
6d7afb8e,hyperthyroid_04,2025-07-09,hot_flashes,3
ed5dcf0f,hyperthyroid_04,2025-07-09,mood_swings,5
f899cbab,hyperthyroid_04,2025-07-31,mood_swings,2
fbc0987c,hyperthyroid_04,2025-08-01,fatigue,3
e6ba9557,hyperthyroid_04,2025-08-01,hot_flashes,4
762b4e0d,hyperthyroid_04,2025-08-01,headache,5
74a72685,hyperthyroid_04,2025-08-02,fatigue,3
9109abd0,hyperthyroid_04,2025-08-02,hot_flashes,5
7cd0831e,hyperthyroid_04,2025-08-02,mood_swings,5
6c9a2a39,hyperthyroid_04,2025-08-02,headache,4
4f3ed7c6,hyperthyroid_04,2025-08-03,hot_flashes,5
8ec012b4,hyperthyroid_04,2025-08-03,headache,4
93ec61de,hyperthyroid_04,2025-08-04,fatigue,5
4a165c86,hyperthyroid_04,2025-08-04,hot_flashes,4
56cd47d0,hyperthyroid_04,2025-08-04,headache,4
b67aa95b,hyperthyroid_04,2025-08-05,fatigue,4
a592f705,hyperthyroid_04,2025-08-05,hot_flashes,3
30268b51,hyperthyroid_04,2025-08-05,headache,2
5b40efcd,hyperthyroid_04,2025-08-06,fatigue,4
902a20e2,hyperthyroid_04,2025-08-06,hot_flashes,4
50cd161a,hyperthyroid_04,2025-08-07,headache,4
f4e00245,hyperthyroid_05,2024-01-01,fatigue,2
87a29c53,hyperthyroid_05,2024-01-01,headache,4
0c7ef157,hyperthyroid_05,2024-01-02,fatigue,3
e9283f38,hyperthyroid_05,2024-01-02,hot_flashes,5
4a88f4c0,hyperthyroid_05,2024-01-02,mood_swings,2
592a2a1d,hyperthyroid_05,2024-01-03,fatigue,2
45cc24f2,hyperthyroid_05,2024-01-03,headache,3
6dc467b6,hyperthyroid_05,2024-01-04,fatigue,4
f3935817,hyperthyroid_05,2024-01-04,hot_flashes,2
f39f90a6,hyperthyroid_05,2024-01-04,headache,5
f9d3e58d,hyperthyroid_05,2024-01-05,hot_flashes,3
7d9f940b,hyperthyroid_05,2024-01-06,hot_flashes,5
55f46053,hyperthyroid_05,2024-01-06,mood_swings,2
5df54ef3,hyperthyroid_05,2024-01-07,hot_flashes,4
8a320b5b,hyperthyroid_05,2024-01-26,fatigue,5
489a83d3,hyperthyroid_05,2024-01-26,hot_flashes,5
a1593090,hyperthyroid_05,2024-01-26,mood_swings,5
cf59ed47,hyperthyroid_05,2024-01-26,headache,5
e6d4b622,hyperthyroid_05,2024-01-27,fatigue,3
2df3ae15,hyperthyroid_05,2024-01-27,hot_flashes,2
cc965ed9,hyperthyroid_05,2024-01-27,mood_swings,3
a9cd6d5b,hyperthyroid_05,2024-01-28,hot_flashes,2
aa41d1fa,hyperthyroid_05,2024-01-28,headache,4
3f81adcd,hyperthyroid_05,2024-01-29,hot_flashes,2
bfdcfc74,hyperthyroid_05,2024-01-29,mood_swings,2
b213ccee,hyperthyroid_05,2024-01-30,hot_flashes,5
bb7024d4,hyperthyroid_05,2024-01-30,headache,4
62d26897,hyperthyroid_05,2024-01-31,fatigue,2
537e9610,hyperthyroid_05,2024-01-31,mood_swings,2
ab6feacf,hyperthyroid_05,2024-02-01,fatigue,3
184be60a,hyperthyroid_05,2024-02-01,hot_flashes,5
bc46d4c6,hyperthyroid_05,2024-02-02,hot_flashes,3
18b3d036,hyperthyroid_05,2024-02-02,mood_swings,5
d86a907d,hyperthyroid_05,2024-02-19,fatigue,5
51c9ef37,hyperthyroid_05,2024-02-19,hot_flashes,3
dd4289f6,hyperthyroid_05,2024-02-20,fatigue,2
ec4650c4,hyperthyroid_05,2024-02-21,fatigue,2
24b95989,hyperthyroid_05,2024-02-21,hot_flashes,3
055ab967,hyperthyroid_05,2024-02-21,headache,3
628dac50,hyperthyroid_05,2024-02-22,fatigue,4
1961e90b,hyperthyroid_05,2024-02-22,hot_flashes,5
83ae4cff,hyperthyroid_05,2024-02-22,mood_swings,5
aa5db0bf,hyperthyroid_05,2024-02-22,headache,5
c9c55a66,hyperthyroid_05,2024-03-12,hot_flashes,4
f560f715,hyperthyroid_05,2024-03-12,headache,5
82e18e34,hyperthyroid_05,2024-03-13,fatigue,2
abb5ca97,hyperthyroid_05,2024-03-13,headache,5
e7e5fb85,hyperthyroid_05,2024-03-14,fatigue,3
fca7da68,hyperthyroid_05,2024-03-14,hot_flashes,2
5df6c8d4,hyperthyroid_05,2024-03-14,mood_swings,2
a9aeb73d,hyperthyroid_05,2024-03-14,headache,5
4080a32c,hyperthyroid_05,2024-03-16,hot_flashes,3
f9d528d0,hyperthyroid_05,2024-03-16,mood_swings,5
31ee0bf5,hyperthyroid_05,2024-03-31,mood_swings,3
5fa389de,hyperthyroid_05,2024-04-01,fatigue,3
5eb8ffbb,hyperthyroid_05,2024-04-01,hot_flashes,5
dc72a1ec,hyperthyroid_05,2024-04-01,mood_swings,5
87f46a36,hyperthyroid_05,2024-04-01,headache,4
5e42a889,hyperthyroid_05,2024-04-02,hot_flashes,2
2b364e1a,hyperthyroid_05,2024-04-02,mood_swings,2
a3674b0b,hyperthyroid_05,2024-04-02,headache,2
38a9f1b1,hyperthyroid_05,2024-04-03,hot_flashes,3
17726c1e,hyperthyroid_05,2024-04-03,mood_swings,3
a3851351,hyperthyroid_05,2024-04-04,hot_flashes,5
37277a15,hyperthyroid_05,2024-04-04,mood_swings,3
e95f179f,hyperthyroid_05,2024-04-05,hot_flashes,4
f4a4d76f,hyperthyroid_05,2024-04-05,mood_swings,2
4579ee12,hyperthyroid_05,2024-04-20,hot_flashes,3
13cb7dac,hyperthyroid_05,2024-04-21,fatigue,4
b3ed980b,hyperthyroid_05,2024-04-21,hot_flashes,2
a1f76994,hyperthyroid_05,2024-04-21,mood_swings,2
dbd7293b,hyperthyroid_05,2024-04-23,hot_flashes,3
b6ff3a96,hyperthyroid_05,2024-04-23,mood_swings,3
b4104442,hyperthyroid_05,2024-04-24,fatigue,5
a8312393,hyperthyroid_05,2024-04-24,headache,3
a9090f8c,hyperthyroid_05,2024-05-20,hot_flashes,5
ade92a20,hyperthyroid_05,2024-05-20,mood_swings,4
8e9f4956,hyperthyroid_05,2024-05-21,hot_flashes,5
7a1b9764,hyperthyroid_05,2024-05-22,fatigue,5
70e968e4,hyperthyroid_05,2024-05-22,hot_flashes,2
d8c69fa8,hyperthyroid_05,2024-05-22,mood_swings,5
084ecab6,hyperthyroid_05,2024-05-22,headache,5
0c5721a0,hyperthyroid_05,2024-05-23,fatigue,3
db69d348,hyperthyroid_05,2024-05-23,hot_flashes,5
81670aab,hyperthyroid_05,2024-05-23,mood_swings,2
71bfa837,hyperthyroid_05,2024-05-23,headache,4
36ba78f2,hyperthyroid_05,2024-05-24,fatigue,2
f65e914c,hyperthyroid_05,2024-05-24,hot_flashes,4
e5a79e89,hyperthyroid_05,2024-05-24,mood_swings,2
4f79e6e1,hyperthyroid_05,2024-05-24,headache,3
70707521,hyperthyroid_05,2024-05-25,hot_flashes,3
e86fb26f,hyperthyroid_05,2024-06-07,headache,3
10995380,hyperthyroid_05,2024-06-08,fatigue,2
5e1b5668,hyperthyroid_05,2024-06-08,mood_swings,4
f0ffb3c7,hyperthyroid_05,2024-06-08,headache,4
f4bffb06,hyperthyroid_05,2024-06-09,hot_flashes,5
33b54256,hyperthyroid_05,2024-06-09,mood_swings,3
1f8e6d21,hyperthyroid_05,2024-06-09,headache,4
cee14487,hyperthyroid_05,2024-06-11,fatigue,2
8c74b9e1,hyperthyroid_05,2024-06-11,headache,4
37ad713b,hyperthyroid_05,2024-06-12,hot_flashes,4
4bff5ceb,hyperthyroid_05,2024-06-12,headache,5
f604c78d,hyperthyroid_05,2024-06-13,hot_flashes,3
40929d04,hyperthyroid_05,2024-06-26,hot_flashes,5
79c546ec,hyperthyroid_05,2024-06-27,hot_flashes,5
4c394874,hyperthyroid_05,2024-06-28,hot_flashes,5
55eba33c,hyperthyroid_05,2024-06-29,fatigue,3
98be2932,hyperthyroid_05,2024-06-29,hot_flashes,2
e0e4e95b,hyperthyroid_05,2024-06-29,headache,5
a2410893,hyperthyroid_05,2024-06-30,fatigue,3
2073c400,hyperthyroid_05,2024-06-30,hot_flashes,2
1622fe5b,hyperthyroid_05,2024-06-30,mood_swings,4
062d7113,hyperthyroid_05,2024-06-30,headache,2
37a8516e,hyperthyroid_05,2024-07-01,fatigue,5
2edc20b1,hyperthyroid_05,2024-07-02,mood_swings,4
a6c36230,hyperthyroid_05,2024-07-25,fatigue,5
381e394b,hyperthyroid_05,2024-07-25,hot_flashes,5
db6534ca,hyperthyroid_05,2024-07-25,mood_swings,5
f5346d91,hyperthyroid_05,2024-07-26,fatigue,4
f569cdb5,hyperthyroid_05,2024-07-26,mood_swings,3
ec01ce8d,hyperthyroid_05,2024-07-27,fatigue,4
98efc87b,hyperthyroid_05,2024-07-27,hot_flashes,5
f37550a5,hyperthyroid_05,2024-07-27,mood_swings,4
0c9e3074,hyperthyroid_05,2024-07-27,headache,2
87632120,hyperthyroid_05,2024-07-28,mood_swings,4
226f7a36,hyperthyroid_05,2024-07-29,fatigue,4
17baf170,hyperthyroid_05,2024-07-29,hot_flashes,2
bac7ceaa,hyperthyroid_05,2024-07-29,headache,2
baa7d486,hyperthyroid_05,2024-07-30,hot_flashes,4
6035dcbf,hyperthyroid_05,2024-07-30,mood_swings,4
04910d07,hyperthyroid_05,2024-07-31,fatigue,3
d218d3b9,hyperthyroid_05,2024-07-31,hot_flashes,2
be853702,hyperthyroid_05,2024-08-21,hot_flashes,2
3318409d,hyperthyroid_05,2024-08-22,fatigue,2
04ab2636,hyperthyroid_05,2024-08-22,hot_flashes,5
dee81b3a,hyperthyroid_05,2024-08-22,mood_swings,2
7c10ee67,hyperthyroid_05,2024-08-22,headache,4
27e40cf2,hyperthyroid_05,2024-08-23,hot_flashes,5
281979f8,hyperthyroid_05,2024-08-24,fatigue,4
8cd25af5,hyperthyroid_05,2024-08-25,fatigue,4
81346448,hyperthyroid_05,2024-08-25,hot_flashes,4
1ce3c6b7,hyperthyroid_05,2024-08-25,mood_swings,3
a44fd76b,hyperthyroid_05,2024-08-25,headache,4
7ee51401,hyperthyroid_05,2024-09-11,mood_swings,3
c88cbb55,hyperthyroid_05,2024-09-13,hot_flashes,2
e47fbb1d,hyperthyroid_05,2024-09-13,headache,3
e4fc4919,hyperthyroid_05,2024-09-14,fatigue,4
dfd1d487,hyperthyroid_05,2024-09-14,hot_flashes,5
db2fd90e,hyperthyroid_05,2024-09-15,hot_flashes,3
fc534eb7,hyperthyroid_05,2024-09-16,fatigue,5
776328d3,hyperthyroid_05,2024-09-17,hot_flashes,2
0004a505,hyperthyroid_05,2024-09-17,mood_swings,2
653dc490,hyperthyroid_05,2024-09-17,headache,5
7833061d,hyperthyroid_05,2024-10-06,fatigue,4
9e971a3e,hyperthyroid_05,2024-10-06,hot_flashes,2
40435cae,hyperthyroid_05,2024-10-07,hot_flashes,5
dda2fbc1,hyperthyroid_05,2024-10-07,mood_swings,4
368242c1,hyperthyroid_05,2024-10-07,headache,4
09a77a30,hyperthyroid_05,2024-10-08,hot_flashes,4
1cfa4c2d,hyperthyroid_05,2024-10-08,headache,5
087a7269,hyperthyroid_05,2024-10-09,hot_flashes,4
bf0835d5,hyperthyroid_05,2024-10-09,mood_swings,5
05d2e1e0,hyperthyroid_05,2024-10-28,fatigue,3
10ca7d52,hyperthyroid_05,2024-10-28,hot_flashes,2
5a1abf88,hyperthyroid_05,2024-10-28,mood_swings,2
6e59e802,hyperthyroid_05,2024-10-29,fatigue,3
c91e262e,hyperthyroid_05,2024-10-29,hot_flashes,2
1ef731f4,hyperthyroid_05,2024-10-30,fatigue,2
339c6657,hyperthyroid_05,2024-10-30,hot_flashes,5
1d7d0c71,hyperthyroid_05,2024-10-30,mood_swings,3
b98bfd50,hyperthyroid_05,2024-10-31,fatigue,4
7f7f0843,hyperthyroid_05,2024-10-31,hot_flashes,5
33d63428,hyperthyroid_05,2024-10-31,mood_swings,3
4abba3df,hyperthyroid_05,2024-11-01,hot_flashes,2
f80e1625,hyperthyroid_05,2024-11-01,mood_swings,5
2704569c,hyperthyroid_05,2024-11-01,headache,2
4a3d3bb1,hyperthyroid_05,2024-11-02,fatigue,3
e8496260,hyperthyroid_05,2024-11-02,hot_flashes,2
32b13785,hyperthyroid_05,2024-11-02,mood_swings,5
2d733762,hyperthyroid_05,2024-11-22,hot_flashes,3
1ac20003,hyperthyroid_05,2024-11-22,mood_swings,2
30b96d5e,hyperthyroid_05,2024-11-23,hot_flashes,4
24a973d3,hyperthyroid_05,2024-11-23,mood_swings,3
54ed6122,hyperthyroid_05,2024-11-24,hot_flashes,4
c7f211af,hyperthyroid_05,2024-11-24,mood_swings,5
b5db52c3,hyperthyroid_05,2024-11-25,fatigue,5
ee4c9679,hyperthyroid_05,2024-11-25,hot_flashes,5
d9588493,hyperthyroid_05,2024-11-26,fatigue,4
34dc3fdb,hyperthyroid_05,2024-11-26,hot_flashes,5
64df17aa,hyperthyroid_05,2024-11-26,mood_swings,5
4344b2ae,hyperthyroid_05,2024-11-26,headache,4
a1fd906d,hyperthyroid_05,2024-12-15,fatigue,2
97409a18,hyperthyroid_05,2024-12-15,hot_flashes,4
e32d8cb0,hyperthyroid_05,2024-12-15,mood_swings,4
ff0d1527,hyperthyroid_05,2024-12-15,headache,2
6573dc01,hyperthyroid_05,2024-12-16,fatigue,4
fc859b6a,hyperthyroid_05,2024-12-16,headache,5
905123e1,hyperthyroid_05,2024-12-17,hot_flashes,3
b40b3969,hyperthyroid_05,2024-12-17,mood_swings,3
e8e730c5,hyperthyroid_05,2024-12-18,fatigue,4
33f0b2df,hyperthyroid_05,2024-12-18,hot_flashes,4
f39c117a,hyperthyroid_05,2024-12-18,headache,2
01669c26,hyperthyroid_05,2024-12-19,hot_flashes,2
a4e5c35f,hyperthyroid_05,2025-01-06,fatigue,2
6bbeeca6,hyperthyroid_05,2025-01-06,hot_flashes,4
491e7940,hyperthyroid_05,2025-01-06,mood_swings,3
890f8a75,hyperthyroid_05,2025-01-06,headache,5
63f3eefa,hyperthyroid_05,2025-01-07,hot_flashes,3
28b0781f,hyperthyroid_05,2025-01-07,mood_swings,3
a492f921,hyperthyroid_05,2025-01-08,hot_flashes,2
0884832f,hyperthyroid_05,2025-01-08,mood_swings,4
c3c8ada2,hyperthyroid_05,2025-01-09,hot_flashes,5
63be5a14,hyperthyroid_05,2025-01-09,headache,3
5c990246,hyperthyroid_05,2025-01-10,fatigue,3
db5bdcd5,hyperthyroid_05,2025-01-10,hot_flashes,4
029bd24e,hyperthyroid_05,2025-01-10,mood_swings,4
2607895a,hyperthyroid_05,2025-01-30,hot_flashes,3
316082ac,hyperthyroid_05,2025-01-30,mood_swings,3
937edf7a,hyperthyroid_05,2025-01-30,headache,3
28399ab1,hyperthyroid_05,2025-01-31,fatigue,3
a55e8725,hyperthyroid_05,2025-02-01,hot_flashes,2
c7f1953b,hyperthyroid_05,2025-02-01,mood_swings,4
8659e383,hyperthyroid_05,2025-02-01,headache,3
678b90f5,hyperthyroid_05,2025-02-02,fatigue,2
07c14b4c,hyperthyroid_05,2025-02-02,hot_flashes,5
682d639c,hyperthyroid_05,2025-02-02,mood_swings,3
3f6be684,hyperthyroid_05,2025-02-02,headache,3
9cd2a700,hyperthyroid_05,2025-02-20,mood_swings,4
bacdded3,hyperthyroid_05,2025-02-20,headache,2
19956d66,hyperthyroid_05,2025-02-21,fatigue,5
e162642a,hyperthyroid_05,2025-02-21,headache,5
8be0a8d8,hyperthyroid_05,2025-02-22,fatigue,2
34718892,hyperthyroid_05,2025-02-22,hot_flashes,4
af772120,hyperthyroid_05,2025-02-23,fatigue,5
3a958b39,hyperthyroid_05,2025-02-23,hot_flashes,5
438f6ff5,hyperthyroid_05,2025-02-23,mood_swings,5
d789b3ff,hyperthyroid_05,2025-02-23,headache,4
63bbc551,hyperthyroid_05,2025-02-24,fatigue,3
7dc26ee1,hyperthyroid_05,2025-02-24,hot_flashes,5
da793cf8,hyperthyroid_05,2025-02-25,fatigue,3
24510fd1,hyperthyroid_05,2025-02-25,hot_flashes,2
49ed2b89,hyperthyroid_05,2025-02-25,mood_swings,3
b8bcc257,hyperthyroid_05,2025-02-26,fatigue,5
07f01fa4,hyperthyroid_05,2025-02-26,hot_flashes,4
0b586657,hyperthyroid_05,2025-02-26,headache,3
f5267158,hyperthyroid_05,2025-02-27,hot_flashes,2
65fe26e3,hyperthyroid_05,2025-02-27,mood_swings,5
3f6c75c2,hyperthyroid_05,2025-03-10,fatigue,3
153d5cc4,hyperthyroid_05,2025-03-10,hot_flashes,4
89a5d0d2,hyperthyroid_05,2025-03-10,mood_swings,3
e16a4967,hyperthyroid_05,2025-03-10,headache,4
ba92ff6b,hyperthyroid_05,2025-03-11,mood_swings,4
5154c8f1,hyperthyroid_05,2025-03-12,hot_flashes,2
1cb99d6e,hyperthyroid_05,2025-03-12,mood_swings,2
3eff6f34,hyperthyroid_05,2025-03-12,headache,5
23299a2b,hyperthyroid_05,2025-03-13,hot_flashes,5
90b83882,hyperthyroid_05,2025-03-14,fatigue,5
bb48af16,hyperthyroid_05,2025-03-14,hot_flashes,4
6f9ca33b,hyperthyroid_05,2025-03-14,mood_swings,5
e001231d,hyperthyroid_05,2025-03-14,headache,4
7716a3fa,hyperthyroid_05,2025-03-28,hot_flashes,4
c0f3a0c3,hyperthyroid_05,2025-03-28,headache,2
c5579ab0,hyperthyroid_05,2025-03-29,fatigue,4
8ec10867,hyperthyroid_05,2025-03-29,hot_flashes,3
b077dded,hyperthyroid_05,2025-03-29,headache,3
d14cc05a,hyperthyroid_05,2025-03-30,fatigue,4
66a442ac,hyperthyroid_05,2025-03-30,hot_flashes,5
8c57d1a4,hyperthyroid_05,2025-03-30,mood_swings,5
fe8873b5,hyperthyroid_05,2025-03-30,headache,5
95358990,hyperthyroid_05,2025-03-31,fatigue,4
98decf75,hyperthyroid_05,2025-03-31,hot_flashes,4
57eb1f43,hyperthyroid_05,2025-03-31,mood_swings,4
bdcf6fdb,hyperthyroid_05,2025-03-31,headache,4
7ac58936,hyperthyroid_05,2025-04-01,fatigue,5
ca9c364c,hyperthyroid_05,2025-04-01,headache,5
54ed3615,hyperthyroid_05,2025-04-23,fatigue,3
543e9c53,hyperthyroid_05,2025-04-23,hot_flashes,2
1363ae9f,hyperthyroid_05,2025-04-23,mood_swings,3
0b9ca369,hyperthyroid_05,2025-04-24,mood_swings,5
5c3ad552,hyperthyroid_05,2025-04-24,headache,3
2091a4d1,hyperthyroid_05,2025-04-25,fatigue,5
04b458b3,hyperthyroid_05,2025-04-25,hot_flashes,5
b39a65a4,hyperthyroid_05,2025-04-25,mood_swings,3
4175d699,hyperthyroid_05,2025-04-25,headache,3
85290bfe,hyperthyroid_05,2025-04-26,fatigue,5
990a87fc,hyperthyroid_05,2025-04-26,hot_flashes,3
955449e3,hyperthyroid_05,2025-04-26,mood_swings,2
6996d425,hyperthyroid_05,2025-04-27,fatigue,2
74577e9a,hyperthyroid_05,2025-04-27,hot_flashes,2
edacc2a9,hyperthyroid_05,2025-04-27,headache,5
cef6908d,hyperthyroid_05,2025-05-13,hot_flashes,5
61908992,hyperthyroid_05,2025-05-13,mood_swings,5
179039f8,hyperthyroid_05,2025-05-14,hot_flashes,3
76a9efbd,hyperthyroid_05,2025-05-15,hot_flashes,4
28306a39,hyperthyroid_05,2025-05-15,mood_swings,5
b46f3623,hyperthyroid_05,2025-05-16,hot_flashes,2
417257fd,hyperthyroid_05,2025-05-16,mood_swings,5
f957b6af,hyperthyroid_05,2025-05-16,headache,5
42e7cf7c,hyperthyroid_05,2025-05-17,fatigue,4
131dc7a4,hyperthyroid_05,2025-05-17,hot_flashes,2
58082d58,hyperthyroid_05,2025-05-17,mood_swings,4
a8a97c29,hyperthyroid_05,2025-05-18,hot_flashes,5
e4b58757,hyperthyroid_05,2025-05-18,mood_swings,4
16ec212d,hyperthyroid_05,2025-05-18,headache,5
35b0f7d4,hyperthyroid_05,2025-05-19,hot_flashes,3
6bd8681e,hyperthyroid_05,2025-05-19,mood_swings,2
94f69272,hyperthyroid_05,2025-05-20,mood_swings,2
fa4c1c05,hyperthyroid_05,2025-06-11,hot_flashes,5
668c2da9,hyperthyroid_05,2025-06-11,mood_swings,4
e17745f6,hyperthyroid_05,2025-06-12,fatigue,3
aceec6a6,hyperthyroid_05,2025-06-12,mood_swings,4
b1e70193,hyperthyroid_05,2025-06-12,headache,5
ee923dad,hyperthyroid_05,2025-06-13,hot_flashes,2
68c7b89f,hyperthyroid_05,2025-06-13,mood_swings,4
66c8fd0d,hyperthyroid_05,2025-06-13,headache,3
1f15c25d,hyperthyroid_05,2025-06-14,fatigue,5
c9d8b733,hyperthyroid_05,2025-06-14,hot_flashes,3
0d33cd22,hyperthyroid_05,2025-06-14,mood_swings,3
b87c64b4,hyperthyroid_05,2025-06-14,headache,3
cbf6095c,hyperthyroid_05,2025-06-15,fatigue,5
ec65ea42,hyperthyroid_05,2025-06-15,hot_flashes,3
2d729a0e,hyperthyroid_05,2025-06-15,headache,2
456e99ce,hyperthyroid_05,2025-06-16,hot_flashes,3
51f95cba,hyperthyroid_05,2025-06-16,mood_swings,2
ab23aebb,hyperthyroid_05,2025-06-16,headache,2
51169b5e,hyperthyroid_05,2025-07-05,fatigue,4
cb98f4f1,hyperthyroid_05,2025-07-05,hot_flashes,2
2eea43f0,hyperthyroid_05,2025-07-06,fatigue,5
2c7c3295,hyperthyroid_05,2025-07-06,hot_flashes,5
675d7c4b,hyperthyroid_05,2025-07-06,mood_swings,5
dbc0184c,hyperthyroid_05,2025-07-07,hot_flashes,2
44a9f22d,hyperthyroid_05,2025-07-07,mood_swings,3
fe7887a1,hyperthyroid_05,2025-07-07,headache,4
b7efc488,hyperthyroid_05,2025-07-08,fatigue,3
5a022593,hyperthyroid_05,2025-07-08,hot_flashes,5
7e6830ca,hyperthyroid_05,2025-07-09,hot_flashes,2
4017db30,hyperthyroid_05,2025-07-10,fatigue,4
fcecd8f5,hyperthyroid_05,2025-07-10,hot_flashes,3
81934e13,hyperthyroid_05,2025-07-10,mood_swings,4
6f0071cf,hyperthyroid_05,2025-07-10,headache,5
ee6513d5,hyperthyroid_05,2025-07-11,hot_flashes,2
39592139,hyperthyroid_05,2025-07-11,mood_swings,3
d0c4f61b,hyperthyroid_05,2025-07-25,fatigue,5
aa75fdb2,hyperthyroid_05,2025-07-25,hot_flashes,2
852d2a57,hyperthyroid_05,2025-07-25,mood_swings,2
e702cef3,hyperthyroid_05,2025-07-25,headache,4
22c9fc0e,hyperthyroid_05,2025-07-26,mood_swings,2
f2cbd09e,hyperthyroid_05,2025-07-27,hot_flashes,2
ed618be6,hyperthyroid_05,2025-07-27,mood_swings,2
24489ba1,hyperthyroid_05,2025-07-27,headache,5
0e48c428,hyperthyroid_05,2025-07-28,hot_flashes,2
1e98adc8,hyperthyroid_05,2025-07-28,headache,2
266478da,hyperthyroid_05,2025-07-29,hot_flashes,3
79f88ebe,hyperthyroid_05,2025-07-30,hot_flashes,5
691df07d,hyperthyroid_05,2025-08-16,hot_flashes,3
4674b24b,hyperthyroid_05,2025-08-16,mood_swings,3
0ff35e0c,hyperthyroid_05,2025-08-18,headache,2
f68b239b,hyperthyroid_05,2025-08-19,hot_flashes,3
e18ff0db,hyperthyroid_05,2025-08-19,mood_swings,3
4e9e6d0e,hyperthyroid_05,2025-08-19,headache,3
ebecf344,hyperthyroid_05,2025-08-20,fatigue,4
44b02262,hyperthyroid_05,2025-08-20,hot_flashes,3
02ae5ddf,hyperthyroid_05,2025-08-20,mood_swings,4
c1e727d8,hyperthyroid_05,2025-08-20,headache,2
c2bb2de7,hyperthyroid_05,2025-08-21,mood_swings,2
36f7bfa9,hyperthyroid_06,2024-01-01,fatigue,2
47fed7b8,hyperthyroid_06,2024-01-01,hot_flashes,3
44b4260a,hyperthyroid_06,2024-01-03,fatigue,2
caf72010,hyperthyroid_06,2024-01-03,hot_flashes,4
9fb1ba8a,hyperthyroid_06,2024-01-03,mood_swings,5
64fd985b,hyperthyroid_06,2024-01-04,hot_flashes,3
38506acd,hyperthyroid_06,2024-01-04,mood_swings,4
b1c70d00,hyperthyroid_06,2024-01-05,fatigue,5
6525578d,hyperthyroid_06,2024-01-05,hot_flashes,2
e077bcc1,hyperthyroid_06,2024-01-06,hot_flashes,5
90dbfd2f,hyperthyroid_06,2024-01-06,headache,4
7a0fc8af,hyperthyroid_06,2024-01-24,fatigue,3
445d48ab,hyperthyroid_06,2024-01-24,mood_swings,2
df6d1b84,hyperthyroid_06,2024-01-25,fatigue,2
5d070a0f,hyperthyroid_06,2024-01-26,fatigue,5
a97f6cc9,hyperthyroid_06,2024-01-27,hot_flashes,2
ce0b953e,hyperthyroid_06,2024-01-27,mood_swings,3
559d8efe,hyperthyroid_06,2024-01-27,headache,4
a04cc4b3,hyperthyroid_06,2024-01-28,fatigue,4
50c9617b,hyperthyroid_06,2024-01-28,hot_flashes,5
e5505fb2,hyperthyroid_06,2024-01-28,mood_swings,4
e6a6a8ef,hyperthyroid_06,2024-01-29,hot_flashes,3
7c90a0f2,hyperthyroid_06,2024-02-11,hot_flashes,4
df776495,hyperthyroid_06,2024-02-11,mood_swings,2
b92824a8,hyperthyroid_06,2024-02-12,fatigue,4
e52d7c0a,hyperthyroid_06,2024-02-12,hot_flashes,3
ce1a2331,hyperthyroid_06,2024-02-13,fatigue,4
8edc455b,hyperthyroid_06,2024-02-13,hot_flashes,5
06835e4a,hyperthyroid_06,2024-02-13,headache,3
f4c5bf0f,hyperthyroid_06,2024-02-14,hot_flashes,4
c39d4aca,hyperthyroid_06,2024-02-14,mood_swings,5
c391e25c,hyperthyroid_06,2024-02-15,mood_swings,2
98e20871,hyperthyroid_06,2024-02-15,headache,4
aaa0b22c,hyperthyroid_06,2024-03-09,hot_flashes,4
d209d3e0,hyperthyroid_06,2024-03-09,headache,4
69f08edb,hyperthyroid_06,2024-03-10,hot_flashes,5
f6a569b4,hyperthyroid_06,2024-03-10,mood_swings,5
d8712b3e,hyperthyroid_06,2024-03-11,fatigue,5
1367b278,hyperthyroid_06,2024-03-11,hot_flashes,5
294abbce,hyperthyroid_06,2024-03-11,mood_swings,3
3d32745a,hyperthyroid_06,2024-03-11,headache,3
100b0ef6,hyperthyroid_06,2024-03-12,fatigue,5
190a3a6c,hyperthyroid_06,2024-03-12,mood_swings,5
0ae3e592,hyperthyroid_06,2024-03-13,fatigue,5
0d3f5d8d,hyperthyroid_06,2024-03-13,hot_flashes,3
83159cae,hyperthyroid_06,2024-04-01,hot_flashes,3
92b45c2a,hyperthyroid_06,2024-04-01,mood_swings,3
bcbd042c,hyperthyroid_06,2024-04-01,headache,4
0cf7af55,hyperthyroid_06,2024-04-02,fatigue,3
1802ca4a,hyperthyroid_06,2024-04-02,hot_flashes,4
70389cb6,hyperthyroid_06,2024-04-02,headache,2
6cfca96f,hyperthyroid_06,2024-04-03,fatigue,4
72c2d36a,hyperthyroid_06,2024-04-03,hot_flashes,4
d20a86fb,hyperthyroid_06,2024-04-04,fatigue,2
fdd2c898,hyperthyroid_06,2024-04-04,hot_flashes,2
803567ab,hyperthyroid_06,2024-04-04,mood_swings,3
0b385f15,hyperthyroid_06,2024-04-04,headache,4
78e5b8f4,hyperthyroid_06,2024-04-05,mood_swings,2
6210e14d,hyperthyroid_06,2024-04-05,headache,2
c51f63e5,hyperthyroid_06,2024-04-06,hot_flashes,5
4bbe4249,hyperthyroid_06,2024-04-06,mood_swings,3
c054f463,hyperthyroid_06,2024-04-06,headache,3
b229b524,hyperthyroid_06,2024-04-07,fatigue,3
886953e3,hyperthyroid_06,2024-04-07,hot_flashes,2
a2305dee,hyperthyroid_06,2024-04-07,mood_swings,2
71f9e803,hyperthyroid_06,2024-04-24,mood_swings,2
552774b9,hyperthyroid_06,2024-04-25,fatigue,2
05733653,hyperthyroid_06,2024-04-25,hot_flashes,2
45783af6,hyperthyroid_06,2024-04-26,hot_flashes,4
28b98b38,hyperthyroid_06,2024-04-27,fatigue,5
6ac18595,hyperthyroid_06,2024-04-27,mood_swings,3
6e3599f6,hyperthyroid_06,2024-04-28,fatigue,3
fd9d92e5,hyperthyroid_06,2024-04-28,hot_flashes,2
ace20641,hyperthyroid_06,2024-04-28,mood_swings,3
13f094b3,hyperthyroid_06,2024-04-28,headache,3
acb049d9,hyperthyroid_06,2024-04-29,fatigue,2
c20d3440,hyperthyroid_06,2024-04-29,hot_flashes,2
ca56849b,hyperthyroid_06,2024-04-30,hot_flashes,4
910c7684,hyperthyroid_06,2024-04-30,mood_swings,5
bcfe9661,hyperthyroid_06,2024-04-30,headache,5
511af4f2,hyperthyroid_06,2024-05-16,headache,5
1a553140,hyperthyroid_06,2024-05-17,fatigue,4
1921c2b3,hyperthyroid_06,2024-05-18,fatigue,4
5d583081,hyperthyroid_06,2024-05-18,hot_flashes,3
604cc86c,hyperthyroid_06,2024-05-18,mood_swings,5
f68e509b,hyperthyroid_06,2024-05-19,fatigue,4
dae452b6,hyperthyroid_06,2024-05-19,hot_flashes,3
1566d8b9,hyperthyroid_06,2024-05-19,mood_swings,4
94f43310,hyperthyroid_06,2024-05-19,headache,2
bd454fa7,hyperthyroid_06,2024-05-20,fatigue,5
81f3f4db,hyperthyroid_06,2024-06-09,fatigue,3
8d3f0ae8,hyperthyroid_06,2024-06-09,hot_flashes,5
63cf6622,hyperthyroid_06,2024-06-09,mood_swings,4
ae642bee,hyperthyroid_06,2024-06-10,fatigue,5
f5eae7be,hyperthyroid_06,2024-06-11,mood_swings,5
985cea54,hyperthyroid_06,2024-06-11,headache,3
ce35f52b,hyperthyroid_06,2024-06-12,fatigue,5
110600cc,hyperthyroid_06,2024-06-12,hot_flashes,2
5f17c8b2,hyperthyroid_06,2024-06-13,hot_flashes,4
fb3e2550,hyperthyroid_06,2024-06-13,headache,3
48a7cbc5,hyperthyroid_06,2024-06-14,fatigue,2
7289e4a0,hyperthyroid_06,2024-06-14,hot_flashes,2
4937d2cc,hyperthyroid_06,2024-06-14,mood_swings,4
11b53a4c,hyperthyroid_06,2024-06-15,hot_flashes,4
0c78e370,hyperthyroid_06,2024-06-15,mood_swings,2
7d6fd44e,hyperthyroid_06,2024-06-15,headache,5
ff5a9b59,hyperthyroid_06,2024-07-09,fatigue,5
67c02013,hyperthyroid_06,2024-07-09,mood_swings,5
1a65926a,hyperthyroid_06,2024-07-09,headache,3
b076194e,hyperthyroid_06,2024-07-10,fatigue,5
eade99ac,hyperthyroid_06,2024-07-10,hot_flashes,2
69ee0646,hyperthyroid_06,2024-07-10,headache,3
fc3ad1c5,hyperthyroid_06,2024-07-12,fatigue,5
f56a6ab6,hyperthyroid_06,2024-07-12,mood_swings,2
bb99f3d6,hyperthyroid_06,2024-07-12,headache,2
cc33d9bb,hyperthyroid_06,2024-07-13,mood_swings,4
f1f59fe8,hyperthyroid_06,2024-07-13,headache,5
44959aee,hyperthyroid_06,2024-07-14,fatigue,4
5dcad1d8,hyperthyroid_06,2024-07-15,hot_flashes,2
880aa1ca,hyperthyroid_06,2024-07-16,fatigue,3
6d24a038,hyperthyroid_06,2024-07-16,hot_flashes,3
c48993a8,hyperthyroid_06,2024-07-16,mood_swings,4
d90f9ed5,hyperthyroid_06,2024-07-16,headache,5
20f484c3,hyperthyroid_06,2024-07-27,fatigue,4
fc367fb4,hyperthyroid_06,2024-07-27,hot_flashes,2
2fcffa3d,hyperthyroid_06,2024-07-27,headache,2
7b48e016,hyperthyroid_06,2024-07-28,fatigue,3
d9f1f371,hyperthyroid_06,2024-07-28,hot_flashes,4
2700b272,hyperthyroid_06,2024-07-28,mood_swings,2
3f51a9b6,hyperthyroid_06,2024-07-29,fatigue,4
4eb75e75,hyperthyroid_06,2024-07-29,hot_flashes,2
439f4780,hyperthyroid_06,2024-07-30,mood_swings,5
01ccae99,hyperthyroid_06,2024-07-31,fatigue,5
290b83ea,hyperthyroid_06,2024-07-31,hot_flashes,5
06d5820c,hyperthyroid_06,2024-07-31,mood_swings,5
7e69ecc3,hyperthyroid_06,2024-07-31,headache,5
c826f1b1,hyperthyroid_06,2024-08-01,fatigue,4
ceb7fdce,hyperthyroid_06,2024-08-01,hot_flashes,2
ae6f2f90,hyperthyroid_06,2024-08-02,hot_flashes,3
ba4c3b26,hyperthyroid_06,2024-08-02,mood_swings,3
465d7bab,hyperthyroid_06,2024-08-21,hot_flashes,3
0f76f84e,hyperthyroid_06,2024-08-21,mood_swings,4
0b944464,hyperthyroid_06,2024-08-22,fatigue,4
66ef2444,hyperthyroid_06,2024-08-22,hot_flashes,3
ed64684b,hyperthyroid_06,2024-08-22,mood_swings,3
644d7a9f,hyperthyroid_06,2024-08-23,hot_flashes,4
16a72dfd,hyperthyroid_06,2024-08-24,fatigue,3
66821620,hyperthyroid_06,2024-08-24,hot_flashes,2
153acdbe,hyperthyroid_06,2024-09-17,fatigue,4
1a7606b4,hyperthyroid_06,2024-09-17,mood_swings,3
762b787e,hyperthyroid_06,2024-09-17,headache,4
7c3a5381,hyperthyroid_06,2024-09-18,fatigue,4
b7c01b96,hyperthyroid_06,2024-09-18,hot_flashes,4
28a01d33,hyperthyroid_06,2024-09-18,mood_swings,2
afdf2345,hyperthyroid_06,2024-09-18,headache,4
231caaaf,hyperthyroid_06,2024-09-19,mood_swings,3
c954d781,hyperthyroid_06,2024-09-20,fatigue,2
4ef11d41,hyperthyroid_06,2024-09-21,hot_flashes,2
ca35d674,hyperthyroid_06,2024-09-21,mood_swings,3
b8703ba2,hyperthyroid_06,2024-09-22,fatigue,2
50e69b7b,hyperthyroid_06,2024-09-22,hot_flashes,5
4983120f,hyperthyroid_06,2024-10-13,fatigue,2
24d0d493,hyperthyroid_06,2024-10-13,hot_flashes,5
99f86bbb,hyperthyroid_06,2024-10-13,mood_swings,3
61ee1a5b,hyperthyroid_06,2024-10-14,fatigue,5
456da834,hyperthyroid_06,2024-10-14,hot_flashes,5
dfedcfed,hyperthyroid_06,2024-10-14,mood_swings,5
cebcd806,hyperthyroid_06,2024-10-14,headache,5
96a121c2,hyperthyroid_06,2024-10-15,fatigue,5
161ebf99,hyperthyroid_06,2024-10-15,hot_flashes,4
43008aad,hyperthyroid_06,2024-10-15,mood_swings,4
185635fc,hyperthyroid_06,2024-10-16,fatigue,3
f60b6943,hyperthyroid_06,2024-10-16,mood_swings,5
b3c5d113,hyperthyroid_06,2024-10-16,headache,2
b4904909,hyperthyroid_06,2024-10-17,hot_flashes,2
354065a4,hyperthyroid_06,2024-10-18,hot_flashes,5
fadedf94,hyperthyroid_06,2024-10-18,headache,2
dcc179b9,hyperthyroid_06,2024-11-04,fatigue,2
c500e9bb,hyperthyroid_06,2024-11-04,hot_flashes,3
da7e4bd2,hyperthyroid_06,2024-11-04,headache,2
f4d4fe86,hyperthyroid_06,2024-11-05,fatigue,3
03090a01,hyperthyroid_06,2024-11-05,hot_flashes,5
b79024df,hyperthyroid_06,2024-11-06,fatigue,2
dae25b8d,hyperthyroid_06,2024-11-06,hot_flashes,2
a2effe4f,hyperthyroid_06,2024-11-06,mood_swings,5
f52cd38c,hyperthyroid_06,2024-11-06,headache,5
62d5b88a,hyperthyroid_06,2024-11-07,mood_swings,5
bddbd8b1,hyperthyroid_06,2024-11-08,fatigue,2
feaf077f,hyperthyroid_06,2024-11-08,hot_flashes,5
8b65a21e,hyperthyroid_06,2024-11-08,mood_swings,2
78a9ac9b,hyperthyroid_06,2024-11-08,headache,5
28760a00,hyperthyroid_06,2024-11-30,fatigue,2
f32f0ae7,hyperthyroid_06,2024-11-30,hot_flashes,5
f41e2019,hyperthyroid_06,2024-11-30,mood_swings,3
2bd59fac,hyperthyroid_06,2024-12-01,fatigue,5
d6b56f20,hyperthyroid_06,2024-12-01,hot_flashes,3
1c4afa40,hyperthyroid_06,2024-12-01,mood_swings,5
2ee21690,hyperthyroid_06,2024-12-02,fatigue,3
8c964637,hyperthyroid_06,2024-12-03,fatigue,4
c2d20780,hyperthyroid_06,2024-12-03,hot_flashes,5
cd24a250,hyperthyroid_06,2024-12-03,headache,5
7670ac31,hyperthyroid_06,2024-12-04,fatigue,2
b94bb666,hyperthyroid_06,2024-12-04,hot_flashes,4
56ce660a,hyperthyroid_06,2024-12-04,mood_swings,2
ca5b2dc4,hyperthyroid_06,2024-12-24,hot_flashes,5
c8d0c69f,hyperthyroid_06,2024-12-24,mood_swings,5
e1b1b3bd,hyperthyroid_06,2024-12-25,fatigue,5
a89a2ea1,hyperthyroid_06,2024-12-25,mood_swings,4
29f5f0a2,hyperthyroid_06,2024-12-26,fatigue,4
4a1d6b4b,hyperthyroid_06,2024-12-26,hot_flashes,5
aeb601d6,hyperthyroid_06,2024-12-27,hot_flashes,3
4a6bf10d,hyperthyroid_06,2024-12-28,hot_flashes,4
fe677558,hyperthyroid_06,2024-12-28,headache,5
30116c31,hyperthyroid_06,2025-01-20,mood_swings,5
aca9c27b,hyperthyroid_06,2025-01-21,hot_flashes,5
7fe6808e,hyperthyroid_06,2025-01-21,headache,4
8c46bed6,hyperthyroid_06,2025-01-22,hot_flashes,5
276a8bc0,hyperthyroid_06,2025-01-22,headache,3
d183997f,hyperthyroid_06,2025-01-23,fatigue,5
0ed16574,hyperthyroid_06,2025-01-24,hot_flashes,2
ac7cffbd,hyperthyroid_06,2025-01-24,headache,5
0a567b17,hyperthyroid_06,2025-01-25,fatigue,2
83b51a53,hyperthyroid_06,2025-01-25,hot_flashes,4
ee8d29c5,hyperthyroid_06,2025-01-26,hot_flashes,3
1d82d184,hyperthyroid_06,2025-01-26,headache,2
9aa6948b,hyperthyroid_06,2025-02-13,fatigue,2
38014c6d,hyperthyroid_06,2025-02-13,mood_swings,2
6492834c,hyperthyroid_06,2025-02-13,headache,3
751a2ba1,hyperthyroid_06,2025-02-14,fatigue,4
83445610,hyperthyroid_06,2025-02-14,mood_swings,3
3a2f1d0e,hyperthyroid_06,2025-02-15,fatigue,5
017b4b71,hyperthyroid_06,2025-02-15,hot_flashes,4
a153ffb0,hyperthyroid_06,2025-02-16,hot_flashes,2
7c645439,hyperthyroid_06,2025-02-16,mood_swings,5
684ea7c8,hyperthyroid_06,2025-02-16,headache,4
910a80d1,hyperthyroid_06,2025-02-17,fatigue,2
6dffdd25,hyperthyroid_06,2025-02-17,hot_flashes,5
dbb7a2a4,hyperthyroid_06,2025-02-17,mood_swings,4
82c5a89f,hyperthyroid_06,2025-02-18,fatigue,2
e08c7899,hyperthyroid_06,2025-03-12,fatigue,5
9fa38c09,hyperthyroid_06,2025-03-12,hot_flashes,4
80905705,hyperthyroid_06,2025-03-13,hot_flashes,5
9c6998eb,hyperthyroid_06,2025-03-14,fatigue,3
fcc1f499,hyperthyroid_06,2025-03-14,mood_swings,5
4baef0bc,hyperthyroid_06,2025-03-14,headache,4
a6436223,hyperthyroid_06,2025-04-04,fatigue,5
1ee95d59,hyperthyroid_06,2025-04-04,hot_flashes,5
893e76d2,hyperthyroid_06,2025-04-04,headache,4
8c50a131,hyperthyroid_06,2025-04-05,fatigue,4
997e4304,hyperthyroid_06,2025-04-05,mood_swings,5
12d4a24b,hyperthyroid_06,2025-04-06,hot_flashes,3
7ada52fb,hyperthyroid_06,2025-04-07,fatigue,2
59b0c992,hyperthyroid_06,2025-04-07,hot_flashes,3
f09be9e2,hyperthyroid_06,2025-04-08,hot_flashes,5
74be78a4,hyperthyroid_06,2025-04-08,mood_swings,3
6aad36ab,hyperthyroid_06,2025-04-09,fatigue,4
2529ffc3,hyperthyroid_06,2025-04-09,hot_flashes,3
b06c851d,hyperthyroid_06,2025-04-09,mood_swings,3
77154ce0,hyperthyroid_06,2025-04-30,hot_flashes,5
91d81527,hyperthyroid_06,2025-04-30,mood_swings,2
01b105f4,hyperthyroid_06,2025-05-01,hot_flashes,2
5092d42f,hyperthyroid_06,2025-05-02,fatigue,5
18fef69b,hyperthyroid_06,2025-05-03,fatigue,5
29f4e099,hyperthyroid_06,2025-05-03,hot_flashes,4
3555d86e,hyperthyroid_06,2025-05-03,mood_swings,4
f86f5a59,hyperthyroid_06,2025-05-04,fatigue,3
1f1a30c9,hyperthyroid_06,2025-05-04,mood_swings,5
0b545c51,hyperthyroid_06,2025-05-05,fatigue,4
91437f81,hyperthyroid_06,2025-05-05,mood_swings,2
de539815,hyperthyroid_06,2025-05-06,fatigue,2
a01e1068,hyperthyroid_06,2025-05-06,hot_flashes,5
6268099a,hyperthyroid_06,2025-05-06,headache,2
0370c046,hyperthyroid_06,2025-05-25,fatigue,5
ac14e718,hyperthyroid_06,2025-05-25,hot_flashes,4
0b7d2aa2,hyperthyroid_06,2025-05-25,mood_swings,4
a9673c8b,hyperthyroid_06,2025-05-26,fatigue,2
dba19b9f,hyperthyroid_06,2025-05-26,hot_flashes,4
1aa2442b,hyperthyroid_06,2025-05-26,mood_swings,5
3d2a4560,hyperthyroid_06,2025-05-27,fatigue,4
87b0453e,hyperthyroid_06,2025-05-27,hot_flashes,2
d645ecf4,hyperthyroid_06,2025-05-28,hot_flashes,2
c72c95ea,hyperthyroid_06,2025-05-28,headache,5
41f8f903,hyperthyroid_06,2025-05-29,mood_swings,5
e37c8c5f,hyperthyroid_06,2025-05-30,fatigue,2
110bf2e2,hyperthyroid_06,2025-05-30,hot_flashes,4
9407164c,hyperthyroid_06,2025-06-16,hot_flashes,4
f4b5e3b1,hyperthyroid_06,2025-06-17,fatigue,3
89b2e6cb,hyperthyroid_06,2025-06-17,mood_swings,4
f2e2ee79,hyperthyroid_06,2025-06-18,mood_swings,2
1688aace,hyperthyroid_06,2025-06-18,headache,4
1ba3700f,hyperthyroid_06,2025-06-19,fatigue,2
d2ee7c7a,hyperthyroid_06,2025-06-20,hot_flashes,3
3ee7d859,hyperthyroid_06,2025-06-20,mood_swings,3
00e9022e,hyperthyroid_06,2025-06-21,fatigue,5
edc79819,hyperthyroid_06,2025-06-21,hot_flashes,2
89c955c5,hyperthyroid_06,2025-06-21,headache,2
1c2a9748,hyperthyroid_06,2025-07-07,hot_flashes,3
6283bf0a,hyperthyroid_06,2025-07-07,headache,3
c2ea2252,hyperthyroid_06,2025-07-08,fatigue,3
912cae58,hyperthyroid_06,2025-07-08,headache,2
86a6ad1f,hyperthyroid_06,2025-07-09,mood_swings,4
d9072e80,hyperthyroid_06,2025-07-09,headache,2
45c36f78,hyperthyroid_06,2025-07-10,hot_flashes,2
429a663b,hyperthyroid_06,2025-07-11,fatigue,3
723d346e,hyperthyroid_06,2025-07-11,mood_swings,2
7592e1c6,hyperthyroid_06,2025-07-12,fatigue,3
70db9d1c,hyperthyroid_06,2025-07-12,mood_swings,4
b4937064,hyperthyroid_06,2025-07-12,headache,4
3d78cd90,hyperthyroid_06,2025-08-02,hot_flashes,5
dc84ecc8,hyperthyroid_06,2025-08-03,hot_flashes,3
6538702f,hyperthyroid_06,2025-08-03,mood_swings,4
01e9e42d,hyperthyroid_06,2025-08-04,fatigue,2
4594159d,hyperthyroid_06,2025-08-04,hot_flashes,2
902f829c,hyperthyroid_06,2025-08-04,mood_swings,5
2cc7bea2,hyperthyroid_06,2025-08-04,headache,3
1b0362af,hyperthyroid_06,2025-08-05,mood_swings,4
a9ea835e,hyperthyroid_06,2025-08-06,mood_swings,4
0ab46be0,hyperthyroid_06,2025-08-06,headache,4
44509b94,hyperthyroid_06,2025-08-07,fatigue,5
2e808fa7,hyperthyroid_06,2025-08-07,hot_flashes,2
c193e871,hyperthyroid_06,2025-08-07,mood_swings,4
b056c74d,anemia_01,2024-01-01,headache,4
0574036d,anemia_01,2024-01-01,heavy_bleeding,3
a7d3b67b,anemia_01,2024-01-01,cramps,4
95be4867,anemia_01,2024-01-02,fatigue,2
5b6879c4,anemia_01,2024-01-02,headache,3
bca4e764,anemia_01,2024-01-02,heavy_bleeding,5
986ab37d,anemia_01,2024-01-02,cramps,4
0221b299,anemia_01,2024-01-02,dizziness,5
feedade6,anemia_01,2024-01-03,fatigue,5
61822dc8,anemia_01,2024-01-03,headache,3
d430e8ea,anemia_01,2024-01-03,heavy_bleeding,2
4d997223,anemia_01,2024-01-03,cramps,5
ba189404,anemia_01,2024-01-03,dizziness,4
36dc59c3,anemia_01,2024-01-04,fatigue,3
2622a281,anemia_01,2024-01-04,headache,5
4bf2a2c6,anemia_01,2024-01-04,heavy_bleeding,2
9a209f8c,anemia_01,2024-01-04,cramps,4
93fdc282,anemia_01,2024-01-05,fatigue,4
01c8b0ea,anemia_01,2024-01-05,headache,4
8b4e2532,anemia_01,2024-01-05,heavy_bleeding,5
e9d6581b,anemia_01,2024-01-05,cramps,4
b229c34e,anemia_01,2024-01-06,fatigue,2
6e6c1914,anemia_01,2024-01-06,headache,3
665eb5d4,anemia_01,2024-01-06,heavy_bleeding,4
494a86b5,anemia_01,2024-01-07,fatigue,3
b13a5ba6,anemia_01,2024-01-07,headache,3
89e204a2,anemia_01,2024-01-07,heavy_bleeding,2
c7a08ff3,anemia_01,2024-01-08,fatigue,4
578cd58d,anemia_01,2024-01-08,heavy_bleeding,5
bbb0e5bb,anemia_01,2024-01-08,cramps,3
432a15dd,anemia_01,2024-01-09,headache,5
e9892edc,anemia_01,2024-01-09,heavy_bleeding,3
a9894eb9,anemia_01,2024-01-10,fatigue,2
246e9174,anemia_01,2024-01-10,heavy_bleeding,2
a9ab5cc1,anemia_01,2024-01-10,cramps,2
a8837d50,anemia_01,2024-01-10,dizziness,4
595af3c2,anemia_01,2024-01-11,headache,3
82bc4908,anemia_01,2024-01-11,heavy_bleeding,4
b858c3df,anemia_01,2024-01-11,cramps,4
11088bb0,anemia_01,2024-01-12,fatigue,5
c784c686,anemia_01,2024-01-12,cramps,3
98665e7f,anemia_01,2024-01-12,dizziness,5
066641f8,anemia_01,2024-01-27,fatigue,4
ae54b179,anemia_01,2024-01-27,heavy_bleeding,2
3702d5c8,anemia_01,2024-01-27,cramps,5
b35ea92f,anemia_01,2024-01-28,fatigue,3
099c7743,anemia_01,2024-01-28,headache,2
f98bcde3,anemia_01,2024-01-28,heavy_bleeding,4
084b934c,anemia_01,2024-01-29,fatigue,2
e32d7eb1,anemia_01,2024-01-29,heavy_bleeding,3
09aa7b6b,anemia_01,2024-01-29,cramps,5
d62589b3,anemia_01,2024-01-30,fatigue,3
227524af,anemia_01,2024-01-30,heavy_bleeding,5
01aae67f,anemia_01,2024-01-30,cramps,4
c68074ea,anemia_01,2024-01-31,fatigue,2
1485581c,anemia_01,2024-01-31,headache,4
42aa752d,anemia_01,2024-01-31,heavy_bleeding,3
a5cf1306,anemia_01,2024-01-31,cramps,2
8b0e69ee,anemia_01,2024-01-31,dizziness,3
30520852,anemia_01,2024-02-01,fatigue,3
ecd09aca,anemia_01,2024-02-01,headache,2
eca83ac7,anemia_01,2024-02-01,heavy_bleeding,3
a0e63691,anemia_01,2024-02-02,fatigue,5
65bfecad,anemia_01,2024-02-02,headache,2
2b7848d4,anemia_01,2024-02-02,heavy_bleeding,2
f89f3231,anemia_01,2024-02-03,fatigue,5
d01e7bd9,anemia_01,2024-02-03,headache,2
7732d470,anemia_01,2024-02-03,heavy_bleeding,3
a73449d8,anemia_01,2024-02-03,cramps,4
8bc2fee2,anemia_01,2024-02-04,fatigue,2
9e7a3d86,anemia_01,2024-02-04,heavy_bleeding,5
1729fd04,anemia_01,2024-02-04,cramps,3
9df3cdc8,anemia_01,2024-02-25,fatigue,2
5c2fcd9b,anemia_01,2024-02-25,headache,4
9f1ae63f,anemia_01,2024-02-25,heavy_bleeding,2
244f61a9,anemia_01,2024-02-25,cramps,3
7dbbd3c7,anemia_01,2024-02-26,fatigue,4
e303d6e0,anemia_01,2024-02-26,headache,3
18011d58,anemia_01,2024-02-26,heavy_bleeding,5
be1a004d,anemia_01,2024-02-26,cramps,2
b9ebb3b4,anemia_01,2024-02-26,dizziness,3
51671c23,anemia_01,2024-02-27,fatigue,3
5b6db195,anemia_01,2024-02-27,heavy_bleeding,5
c42a3e21,anemia_01,2024-02-27,cramps,5
2ad22ec6,anemia_01,2024-02-28,fatigue,2
723ad9a6,anemia_01,2024-02-28,heavy_bleeding,5
e9762950,anemia_01,2024-02-28,dizziness,3
1258641d,anemia_01,2024-02-29,fatigue,5
db3766ff,anemia_01,2024-02-29,heavy_bleeding,4
567179e8,anemia_01,2024-02-29,cramps,3
1fcc31e6,anemia_01,2024-03-01,fatigue,4
6604d014,anemia_01,2024-03-01,headache,4
2eefa701,anemia_01,2024-03-01,heavy_bleeding,5
dfacd719,anemia_01,2024-03-01,cramps,3
91070ca4,anemia_01,2024-03-01,dizziness,4
f93e1cbc,anemia_01,2024-03-02,fatigue,3
fb40c187,anemia_01,2024-03-02,heavy_bleeding,2
0311681c,anemia_01,2024-03-03,fatigue,4
bf492968,anemia_01,2024-03-03,heavy_bleeding,5
ba7b514c,anemia_01,2024-03-03,cramps,2
6df3dfb0,anemia_01,2024-03-04,fatigue,3
a4045a69,anemia_01,2024-03-04,heavy_bleeding,3
ac715052,anemia_01,2024-03-04,cramps,3
3f4d71d7,anemia_01,2024-03-04,dizziness,5
dfa289a5,anemia_01,2024-03-05,fatigue,2
786425c3,anemia_01,2024-03-05,headache,3
00125714,anemia_01,2024-03-05,heavy_bleeding,4
8f08095d,anemia_01,2024-03-05,cramps,5
31a5c3f8,anemia_01,2024-03-06,fatigue,5
c5e49b0c,anemia_01,2024-03-06,headache,4
7fbe96bc,anemia_01,2024-03-06,heavy_bleeding,4
2b8f550b,anemia_01,2024-03-06,cramps,3
5c2db487,anemia_01,2024-03-06,dizziness,4
df05357b,anemia_01,2024-03-23,fatigue,4
3a1a137b,anemia_01,2024-03-23,heavy_bleeding,5
ccef3002,anemia_01,2024-03-24,fatigue,4
3718cce6,anemia_01,2024-03-24,heavy_bleeding,5
3238a682,anemia_01,2024-03-24,cramps,2
1a554248,anemia_01,2024-03-24,dizziness,4
eec36b8f,anemia_01,2024-03-25,fatigue,3
14fe3c41,anemia_01,2024-03-25,heavy_bleeding,5
4f448303,anemia_01,2024-03-25,dizziness,4
e0d57b2e,anemia_01,2024-03-26,headache,5
e4e431db,anemia_01,2024-03-26,cramps,2
aced3c24,anemia_01,2024-03-26,dizziness,2
88bf2baf,anemia_01,2024-03-27,fatigue,5
7f998b04,anemia_01,2024-03-27,headache,4
f5d2de72,anemia_01,2024-03-27,heavy_bleeding,3
e6263760,anemia_01,2024-03-27,cramps,4
88944d88,anemia_01,2024-03-27,dizziness,5
10ab52fb,anemia_01,2024-03-28,fatigue,5
f482cc54,anemia_01,2024-03-28,cramps,3
4c8627fe,anemia_01,2024-03-28,dizziness,2
e4f192e2,anemia_01,2024-03-29,fatigue,4
bb491b76,anemia_01,2024-03-29,heavy_bleeding,4
ee7d5445,anemia_01,2024-03-29,cramps,2
10df96ac,anemia_01,2024-03-29,dizziness,4
6fa5383a,anemia_01,2024-03-30,fatigue,4
3991ac2f,anemia_01,2024-03-30,headache,2
da41498b,anemia_01,2024-03-30,heavy_bleeding,3
27b27d11,anemia_01,2024-03-31,fatigue,5
7c20ad80,anemia_01,2024-03-31,heavy_bleeding,3
df8c47cd,anemia_01,2024-03-31,cramps,5
44061bce,anemia_01,2024-04-01,fatigue,2
1cb977a1,anemia_01,2024-04-01,heavy_bleeding,3
d0b955d1,anemia_01,2024-04-01,cramps,2
a8bb12f1,anemia_01,2024-04-02,heavy_bleeding,2
06ecda5b,anemia_01,2024-04-16,fatigue,4
c46b5e49,anemia_01,2024-04-16,heavy_bleeding,4
8807f250,anemia_01,2024-04-16,dizziness,3
2189c7e1,anemia_01,2024-04-17,fatigue,3
3fe0e655,anemia_01,2024-04-17,headache,5
b560f0c0,anemia_01,2024-04-17,heavy_bleeding,2
005293e6,anemia_01,2024-04-17,dizziness,3
5492c635,anemia_01,2024-04-18,fatigue,2
ed6e9c06,anemia_01,2024-04-18,heavy_bleeding,4
56499d9f,anemia_01,2024-04-18,cramps,2
75e02610,anemia_01,2024-04-19,fatigue,3
1fcf77c9,anemia_01,2024-04-19,cramps,5
601b8c67,anemia_01,2024-04-19,dizziness,3
c7c70b65,anemia_01,2024-04-20,fatigue,2
46c4d585,anemia_01,2024-04-20,headache,5
52e9ad66,anemia_01,2024-04-20,heavy_bleeding,3
7efa2608,anemia_01,2024-04-20,cramps,3
37cd23d8,anemia_01,2024-04-20,dizziness,3
42440115,anemia_01,2024-04-21,fatigue,3
6e6f508e,anemia_01,2024-04-21,heavy_bleeding,5
54724530,anemia_01,2024-04-21,cramps,5
0069d5f3,anemia_01,2024-04-22,fatigue,3
a47e4186,anemia_01,2024-04-22,headache,5
e9f208c3,anemia_01,2024-04-22,cramps,2
79e8e815,anemia_01,2024-04-23,fatigue,5
12263ed2,anemia_01,2024-04-23,headache,4
69b475d6,anemia_01,2024-04-23,heavy_bleeding,5
dc6eaa98,anemia_01,2024-04-24,fatigue,5
42e0dfb8,anemia_01,2024-04-24,heavy_bleeding,2
398772ce,anemia_01,2024-04-24,cramps,4
ddef6bf7,anemia_01,2024-04-24,dizziness,2
4edb2010,anemia_01,2024-04-25,fatigue,4
39b37ebf,anemia_01,2024-05-17,fatigue,4
e6e8962d,anemia_01,2024-05-17,headache,2
8e04dd75,anemia_01,2024-05-17,heavy_bleeding,3
092dccb5,anemia_01,2024-05-17,cramps,2
3aa0763a,anemia_01,2024-05-18,fatigue,3
c04fd56f,anemia_01,2024-05-18,cramps,3
eca8e8a5,anemia_01,2024-05-19,fatigue,3
0b9a87f8,anemia_01,2024-05-19,headache,4
4352a321,anemia_01,2024-05-19,heavy_bleeding,4
8739b614,anemia_01,2024-05-20,heavy_bleeding,5
4bcd9ea6,anemia_01,2024-05-21,fatigue,3
9511e518,anemia_01,2024-05-21,headache,2
5c37a275,anemia_01,2024-05-21,heavy_bleeding,3
7486d703,anemia_01,2024-05-21,cramps,4
0748e23b,anemia_01,2024-05-21,dizziness,4
b7316e86,anemia_01,2024-05-22,fatigue,4
237d0668,anemia_01,2024-05-22,heavy_bleeding,2
32384613,anemia_01,2024-05-22,cramps,3
f5db8ed3,anemia_01,2024-05-23,fatigue,2
7d2ea1c7,anemia_01,2024-05-23,headache,4
a841bf73,anemia_01,2024-05-23,heavy_bleeding,2
cbf5cf8a,anemia_01,2024-05-23,dizziness,3
6524082f,anemia_01,2024-05-24,fatigue,5
59971e1f,anemia_01,2024-05-24,heavy_bleeding,3
2cb4904b,anemia_01,2024-05-24,dizziness,3
441374fe,anemia_01,2024-05-25,fatigue,5
83d7087b,anemia_01,2024-05-25,heavy_bleeding,4
201a6421,anemia_01,2024-05-25,cramps,2
c98e29f4,anemia_01,2024-05-25,dizziness,4
5172438c,anemia_01,2024-05-26,fatigue,4
fc6105a7,anemia_01,2024-05-26,headache,5
e2463959,anemia_01,2024-05-26,heavy_bleeding,3
c30045e8,anemia_01,2024-05-26,cramps,5
7ff4355a,anemia_01,2024-05-26,dizziness,4
814a8dca,anemia_01,2024-05-27,fatigue,2
c83bb609,anemia_01,2024-05-27,heavy_bleeding,3
89025bfe,anemia_01,2024-05-27,cramps,3
d3b13862,anemia_01,2024-06-16,fatigue,5
f7b4de93,anemia_01,2024-06-16,headache,4
7a05a11a,anemia_01,2024-06-16,heavy_bleeding,2
b0f72a89,anemia_01,2024-06-16,cramps,5
dec75432,anemia_01,2024-06-16,dizziness,4
27a4a7ae,anemia_01,2024-06-17,fatigue,5
e32974f4,anemia_01,2024-06-17,heavy_bleeding,3
48cd754b,anemia_01,2024-06-17,cramps,2
e366d10d,anemia_01,2024-06-18,fatigue,4
99d01ca2,anemia_01,2024-06-18,heavy_bleeding,5
a40ec60e,anemia_01,2024-06-19,fatigue,2
27f74e18,anemia_01,2024-06-19,headache,3
2dcd014e,anemia_01,2024-06-19,cramps,5
9bf0f745,anemia_01,2024-06-19,dizziness,4
d0bfa901,anemia_01,2024-06-20,fatigue,2
a2d24d0d,anemia_01,2024-06-20,headache,4
bf0426df,anemia_01,2024-06-21,headache,3
49cdf57e,anemia_01,2024-06-21,cramps,2
d7589771,anemia_01,2024-06-22,fatigue,5
bd5f6342,anemia_01,2024-06-22,heavy_bleeding,4
aff70a67,anemia_01,2024-06-22,cramps,2
4b6e097e,anemia_01,2024-06-23,fatigue,4
7da83658,anemia_01,2024-06-23,headache,3
ae563ac5,anemia_01,2024-06-23,heavy_bleeding,3
1719d948,anemia_01,2024-06-23,cramps,3
bc7f0f33,anemia_01,2024-06-24,fatigue,5
73086290,anemia_01,2024-06-24,cramps,5
6f650e3c,anemia_01,2024-06-25,fatigue,2
b25e7f63,anemia_01,2024-06-25,headache,3
df4da72b,anemia_01,2024-06-25,heavy_bleeding,2
85566742,anemia_01,2024-06-25,cramps,2
3c2bcda3,anemia_01,2024-06-26,fatigue,2
38c88c09,anemia_01,2024-06-26,heavy_bleeding,5
62922ada,anemia_01,2024-06-26,cramps,3
cdd4a394,anemia_01,2024-06-27,fatigue,5
22b1a29d,anemia_01,2024-06-27,heavy_bleeding,4
e371b38b,anemia_01,2024-06-28,fatigue,5
f6b050f6,anemia_01,2024-06-28,headache,5
9ef8ed58,anemia_01,2024-06-28,dizziness,5
72f81a50,anemia_01,2024-07-18,fatigue,4
e22e8409,anemia_01,2024-07-18,headache,5
ac3dc0d2,anemia_01,2024-07-18,heavy_bleeding,2
0d3731cf,anemia_01,2024-07-19,fatigue,4
a2e3fe6e,anemia_01,2024-07-19,headache,2
f34142df,anemia_01,2024-07-19,dizziness,4
79a8e003,anemia_01,2024-07-20,fatigue,2
687d843f,anemia_01,2024-07-20,heavy_bleeding,3
31ea9cef,anemia_01,2024-07-21,fatigue,5
24b3d6cd,anemia_01,2024-07-21,heavy_bleeding,3
966d3ee1,anemia_01,2024-07-21,cramps,2
d0805a27,anemia_01,2024-07-22,fatigue,5
3e96cfdb,anemia_01,2024-07-23,fatigue,4
df640879,anemia_01,2024-07-23,headache,3
90007383,anemia_01,2024-07-23,heavy_bleeding,5
71103b98,anemia_01,2024-07-23,dizziness,5
deaba4ba,anemia_01,2024-07-24,headache,5
9507ac81,anemia_01,2024-07-24,heavy_bleeding,4
dc54297e,anemia_01,2024-07-25,fatigue,4
21ba79a6,anemia_01,2024-07-25,heavy_bleeding,3
6ef21f3e,anemia_01,2024-07-25,cramps,5
a11cd11c,anemia_01,2024-07-26,fatigue,3
026efa67,anemia_01,2024-07-26,dizziness,5
fe3ee83b,anemia_01,2024-07-27,fatigue,5
de47c0d9,anemia_01,2024-07-27,heavy_bleeding,5
2f625278,anemia_01,2024-07-27,dizziness,2
5e18d00d,anemia_01,2024-07-28,fatigue,3
ec1d4ed5,anemia_01,2024-07-28,headache,3
fda43eca,anemia_01,2024-07-28,heavy_bleeding,3
b10f4f92,anemia_01,2024-07-28,dizziness,5
1943021d,anemia_01,2024-07-29,fatigue,2
460a6339,anemia_01,2024-07-29,headache,5
f1a9637d,anemia_01,2024-07-29,heavy_bleeding,5
0ea89615,anemia_01,2024-07-29,cramps,3
72cd7873,anemia_01,2024-07-29,dizziness,4
0b276c2f,anemia_01,2024-07-30,fatigue,3
51c60fb8,anemia_01,2024-07-30,headache,4
ecc4f5ba,anemia_01,2024-07-30,heavy_bleeding,5
bb4859f6,anemia_01,2024-07-30,cramps,2
12e3692b,anemia_01,2024-07-30,dizziness,3
8b3c2a33,anemia_01,2024-07-31,fatigue,3
1d4ba102,anemia_01,2024-07-31,headache,4
c0290a65,anemia_01,2024-07-31,heavy_bleeding,3
08a79701,anemia_01,2024-07-31,cramps,3
9610b93d,anemia_01,2024-08-14,fatigue,5
aa71cf20,anemia_01,2024-08-14,headache,4
8138b58a,anemia_01,2024-08-14,cramps,3
67804d0a,anemia_01,2024-08-15,fatigue,5
d96e9e31,anemia_01,2024-08-15,headache,2
3379054f,anemia_01,2024-08-15,heavy_bleeding,5
d9cc7100,anemia_01,2024-08-16,fatigue,2
4786e572,anemia_01,2024-08-16,headache,3
31e44941,anemia_01,2024-08-16,heavy_bleeding,3
e086e1d0,anemia_01,2024-08-16,dizziness,4
797fde39,anemia_01,2024-08-17,fatigue,3
f55fc7cb,anemia_01,2024-08-17,headache,2
ae062a06,anemia_01,2024-08-17,heavy_bleeding,4
aee33088,anemia_01,2024-08-17,cramps,2
80437b9d,anemia_01,2024-08-18,fatigue,5
3081c511,anemia_01,2024-08-18,headache,4
265cd9ad,anemia_01,2024-08-18,heavy_bleeding,3
d6e20287,anemia_01,2024-08-18,cramps,4
1ebf10bc,anemia_01,2024-08-19,fatigue,5
fdd748b2,anemia_01,2024-08-19,headache,4
f58bf288,anemia_01,2024-08-19,heavy_bleeding,2
07d37c83,anemia_01,2024-08-19,cramps,5
096cdfa5,anemia_01,2024-08-20,fatigue,2
a7e9472a,anemia_01,2024-08-20,heavy_bleeding,4
6a74546d,anemia_01,2024-08-20,cramps,4
1ea9f7ca,anemia_01,2024-08-20,dizziness,4
fa335c41,anemia_01,2024-08-21,fatigue,2
ec5db91e,anemia_01,2024-08-21,headache,2
c3eb842a,anemia_01,2024-08-21,heavy_bleeding,3
366e223d,anemia_01,2024-08-22,fatigue,4
13331c9b,anemia_01,2024-08-22,heavy_bleeding,3
d04cbde2,anemia_01,2024-08-22,cramps,2
efc93b62,anemia_01,2024-08-22,dizziness,2
786ca231,anemia_01,2024-08-23,fatigue,5
1094e8b2,anemia_01,2024-08-23,dizziness,3
6cf2e7ee,anemia_01,2024-08-24,fatigue,3
3c5e9b60,anemia_01,2024-08-24,headache,4
69d093c9,anemia_01,2024-08-24,heavy_bleeding,4
a40e2cc9,anemia_01,2024-08-25,fatigue,2
0de0cc3d,anemia_01,2024-08-25,headache,5
b29d6d38,anemia_01,2024-08-25,heavy_bleeding,3
d3e20ef7,anemia_01,2024-08-25,cramps,4
9a55f31d,anemia_01,2024-08-25,dizziness,2
787f484a,anemia_01,2024-09-09,fatigue,3
92c251bd,anemia_01,2024-09-09,headache,4
ca4f2237,anemia_01,2024-09-09,cramps,4
09b7d91d,anemia_01,2024-09-09,dizziness,3
3251d58f,anemia_01,2024-09-10,fatigue,3
0db674e2,anemia_01,2024-09-10,cramps,4
8140ae91,anemia_01,2024-09-11,fatigue,3
835d8080,anemia_01,2024-09-11,headache,3
421ce97d,anemia_01,2024-09-11,heavy_bleeding,2
4ca46282,anemia_01,2024-09-11,cramps,2
8e73581f,anemia_01,2024-09-12,fatigue,4
81796c29,anemia_01,2024-09-12,headache,5
ff252cdd,anemia_01,2024-09-12,heavy_bleeding,2
9a835b18,anemia_01,2024-09-13,heavy_bleeding,2
ca4e22f9,anemia_01,2024-09-13,dizziness,2
b707da1b,anemia_01,2024-09-14,fatigue,3
65492260,anemia_01,2024-09-14,heavy_bleeding,2
c7b5c9d5,anemia_01,2024-09-14,cramps,4
ff484684,anemia_01,2024-09-14,dizziness,3
718c874d,anemia_01,2024-09-15,fatigue,2
a4711c2e,anemia_01,2024-09-15,headache,2
fb0d111d,anemia_01,2024-09-15,heavy_bleeding,2
796ad6eb,anemia_01,2024-09-15,dizziness,2
4a8dedf3,anemia_01,2024-09-16,fatigue,5
d2e9353c,anemia_01,2024-09-16,headache,2
45f5fdf5,anemia_01,2024-09-16,cramps,4
fec58df5,anemia_01,2024-09-17,fatigue,4
69770201,anemia_01,2024-09-17,headache,3
2b97ac3a,anemia_01,2024-09-17,heavy_bleeding,3
499c65eb,anemia_01,2024-09-17,cramps,4
98179caf,anemia_01,2024-09-18,fatigue,4
61c2248d,anemia_01,2024-09-18,heavy_bleeding,2
437f718b,anemia_01,2024-09-18,cramps,5
1b61e1a2,anemia_01,2024-09-19,fatigue,2
fe64ae77,anemia_01,2024-09-19,headache,2
1ee39155,anemia_01,2024-09-19,heavy_bleeding,5
4b4f475c,anemia_01,2024-09-19,cramps,2
1def658a,anemia_01,2024-09-20,fatigue,4
56683956,anemia_01,2024-09-20,heavy_bleeding,2
f7126c61,anemia_01,2024-09-20,dizziness,4
aec3d610,anemia_01,2024-09-21,fatigue,4
c89f78c6,anemia_01,2024-09-21,headache,4
8bcb8bff,anemia_01,2024-09-21,heavy_bleeding,2
c997523e,anemia_01,2024-09-21,dizziness,4
35b864b3,anemia_01,2024-10-10,fatigue,3
321c65e7,anemia_01,2024-10-10,headache,3
72a3c96d,anemia_01,2024-10-10,heavy_bleeding,2
bcfe19a7,anemia_01,2024-10-11,fatigue,5
939d9f82,anemia_01,2024-10-11,headache,2
9da812e5,anemia_01,2024-10-11,heavy_bleeding,4
ac0c012c,anemia_01,2024-10-12,headache,5
6aba2777,anemia_01,2024-10-12,heavy_bleeding,4
89e7d24d,anemia_01,2024-10-12,cramps,3
9146961b,anemia_01,2024-10-13,heavy_bleeding,5
f0891715,anemia_01,2024-10-13,cramps,4
6b2f0ff2,anemia_01,2024-10-14,heavy_bleeding,4
b7f1652a,anemia_01,2024-10-15,heavy_bleeding,3
4ee6a0d8,anemia_01,2024-10-16,fatigue,2
fead67d3,anemia_01,2024-10-16,headache,2
d2df8226,anemia_01,2024-10-16,heavy_bleeding,3
386184eb,anemia_01,2024-10-16,cramps,4
5ad9fd56,anemia_01,2024-10-17,fatigue,3
c7b9f1b9,anemia_01,2024-10-17,heavy_bleeding,3
f503b979,anemia_01,2024-10-17,cramps,2
51d10458,anemia_01,2024-10-18,fatigue,4
e92db4fa,anemia_01,2024-10-18,headache,5
f6aebde6,anemia_01,2024-10-18,heavy_bleeding,2
b69d1912,anemia_01,2024-10-19,fatigue,3
8f6219d6,anemia_01,2024-10-19,headache,4
8a9a55df,anemia_01,2024-10-19,heavy_bleeding,5
d32a6196,anemia_01,2024-10-19,cramps,2
e528e720,anemia_01,2024-11-05,fatigue,3
95cfc871,anemia_01,2024-11-05,heavy_bleeding,5
c053d02c,anemia_01,2024-11-06,fatigue,5
fe58f94a,anemia_01,2024-11-06,heavy_bleeding,5
ddfe2f36,anemia_01,2024-11-06,cramps,3
6ebf1c3c,anemia_01,2024-11-06,dizziness,5
ffebb552,anemia_01,2024-11-07,fatigue,3
44f5e587,anemia_01,2024-11-07,cramps,3
76eb51d9,anemia_01,2024-11-08,fatigue,4
b1079556,anemia_01,2024-11-08,heavy_bleeding,5
3021a8fc,anemia_01,2024-11-08,dizziness,5
bb6c5c10,anemia_01,2024-11-09,fatigue,3
1bc7d578,anemia_01,2024-11-09,headache,3
75a63af8,anemia_01,2024-11-09,heavy_bleeding,4
1dd41f6d,anemia_01,2024-11-10,fatigue,3
d46d76a4,anemia_01,2024-11-10,heavy_bleeding,5
7742925f,anemia_01,2024-11-11,fatigue,3
81b34115,anemia_01,2024-11-11,heavy_bleeding,3
999d923f,anemia_01,2024-11-11,cramps,2
f62425ca,anemia_01,2024-11-12,fatigue,3
1843bf55,anemia_01,2024-11-12,heavy_bleeding,3
48718af2,anemia_01,2024-11-13,fatigue,2
5c96602b,anemia_01,2024-11-13,headache,2
a5ac6111,anemia_01,2024-11-13,heavy_bleeding,3
525c5b06,anemia_01,2024-11-13,cramps,5
2280d8b5,anemia_01,2024-11-14,fatigue,4
517514bb,anemia_01,2024-11-14,heavy_bleeding,2
7e280249,anemia_01,2024-11-15,fatigue,2
bf9b9472,anemia_01,2024-11-15,heavy_bleeding,4
a1e4b247,anemia_01,2024-12-01,heavy_bleeding,5
ec0bc950,anemia_01,2024-12-01,cramps,4
e3524e9c,anemia_01,2024-12-02,fatigue,5
609d9f36,anemia_01,2024-12-02,headache,4
569f64ab,anemia_01,2024-12-02,heavy_bleeding,5
c062475d,anemia_01,2024-12-03,fatigue,3
ec80aeaf,anemia_01,2024-12-03,headache,2
145080ac,anemia_01,2024-12-03,dizziness,4
1131bf8b,anemia_01,2024-12-04,fatigue,4
7e0f1eef,anemia_01,2024-12-04,headache,3
55ccdc0b,anemia_01,2024-12-04,heavy_bleeding,4
d00d7a48,anemia_01,2024-12-04,cramps,4
fb32714b,anemia_01,2024-12-04,dizziness,3
084b8923,anemia_01,2024-12-05,fatigue,4
f58d03c3,anemia_01,2024-12-05,heavy_bleeding,2
ce6e664b,anemia_01,2024-12-05,cramps,3
a56d0eac,anemia_01,2024-12-06,fatigue,2
d30a835b,anemia_01,2024-12-06,headache,5
1ba3813c,anemia_01,2024-12-06,heavy_bleeding,4
41a55060,anemia_01,2024-12-06,cramps,3
aeffde67,anemia_01,2024-12-07,fatigue,5
8959e94d,anemia_01,2024-12-07,headache,4
949bc664,anemia_01,2024-12-07,heavy_bleeding,2
96fccc3e,anemia_01,2024-12-07,dizziness,2
50171d8d,anemia_01,2024-12-08,fatigue,5
3cdac2de,anemia_01,2024-12-08,headache,3
ac68c784,anemia_01,2024-12-08,heavy_bleeding,4
dad0fe5a,anemia_01,2024-12-08,cramps,5
f02fc009,anemia_01,2024-12-09,fatigue,5
d37d046d,anemia_01,2024-12-09,dizziness,3
94e59bcd,anemia_01,2024-12-27,fatigue,3
72df4d3c,anemia_01,2024-12-27,headache,4
adb6b4b4,anemia_01,2024-12-27,heavy_bleeding,4
7956bba0,anemia_01,2024-12-28,fatigue,3
f4a83e99,anemia_01,2024-12-28,headache,4
54f7d1bd,anemia_01,2024-12-28,cramps,5
e9455074,anemia_01,2024-12-29,fatigue,2
4623b9be,anemia_01,2024-12-29,headache,3
65abf70e,anemia_01,2024-12-29,heavy_bleeding,2
1faf7118,anemia_01,2024-12-30,fatigue,3
e44e91c8,anemia_01,2024-12-30,heavy_bleeding,5
3776a5fe,anemia_01,2024-12-30,dizziness,4
a7a5efac,anemia_01,2024-12-31,fatigue,2
0ef6aef0,anemia_01,2024-12-31,headache,2
8db98630,anemia_01,2024-12-31,heavy_bleeding,2
6820c73b,anemia_01,2024-12-31,cramps,5
495086c9,anemia_01,2024-12-31,dizziness,4
b61d5549,anemia_01,2025-01-01,fatigue,2
4a63d22b,anemia_01,2025-01-01,heavy_bleeding,3
a315a78d,anemia_01,2025-01-01,cramps,4
3093288b,anemia_01,2025-01-01,dizziness,2
27a448b8,anemia_01,2025-01-02,fatigue,3
fef9cb4b,anemia_01,2025-01-02,headache,5
be3b911b,anemia_01,2025-01-02,heavy_bleeding,5
5a1741ef,anemia_01,2025-01-02,cramps,3
91960934,anemia_01,2025-01-02,dizziness,2
9d2d4794,anemia_01,2025-01-03,fatigue,5
dc72c896,anemia_01,2025-01-03,cramps,3
a84a82af,anemia_01,2025-01-04,fatigue,4
a549a4b5,anemia_01,2025-01-04,heavy_bleeding,3
ad86da9c,anemia_01,2025-01-04,cramps,3
17db8b23,anemia_01,2025-01-04,dizziness,5
3eff02b8,anemia_01,2025-01-05,fatigue,2
b6df27b7,anemia_01,2025-01-05,heavy_bleeding,5
abb63fd6,anemia_01,2025-01-05,cramps,2
1d80b608,anemia_01,2025-01-06,fatigue,2
3a532757,anemia_01,2025-01-06,headache,4
2224cbee,anemia_01,2025-01-06,heavy_bleeding,5
b77899dd,anemia_01,2025-01-06,cramps,3
9a6962ea,anemia_01,2025-01-06,dizziness,5
8c651d81,anemia_01,2025-01-07,fatigue,3
d70774ea,anemia_01,2025-01-07,heavy_bleeding,3
3801d704,anemia_01,2025-01-07,cramps,4
246cf596,anemia_01,2025-01-20,fatigue,2
5a1cba30,anemia_01,2025-01-20,headache,2
172579e9,anemia_01,2025-01-20,heavy_bleeding,5
dd78e920,anemia_01,2025-01-21,fatigue,5
78afa101,anemia_01,2025-01-21,headache,5
98a9a917,anemia_01,2025-01-21,dizziness,5
a6d25910,anemia_01,2025-01-22,fatigue,2
e174f9dc,anemia_01,2025-01-22,headache,3
dbfdac8e,anemia_01,2025-01-22,heavy_bleeding,2
1ae160b0,anemia_01,2025-01-22,cramps,3
9681c4ab,anemia_01,2025-01-23,fatigue,3
3f46468d,anemia_01,2025-01-23,headache,5
2677caf3,anemia_01,2025-01-23,heavy_bleeding,4
36385b01,anemia_01,2025-01-23,cramps,4
790f565a,anemia_01,2025-01-23,dizziness,5
52bb9347,anemia_01,2025-01-24,heavy_bleeding,5
d1c2adf7,anemia_01,2025-01-24,dizziness,2
62bc9778,anemia_01,2025-01-25,fatigue,2
d33a0399,anemia_01,2025-01-25,headache,5
76090090,anemia_01,2025-01-25,heavy_bleeding,2
14e7e80e,anemia_01,2025-01-25,cramps,2
073c098b,anemia_01,2025-01-25,dizziness,5
b2b68dc8,anemia_01,2025-01-26,fatigue,4
51113633,anemia_01,2025-01-26,cramps,4
bb2bcee3,anemia_01,2025-01-26,dizziness,5
12c21b1d,anemia_01,2025-01-27,fatigue,2
60eef819,anemia_01,2025-01-27,headache,4
18094c3e,anemia_01,2025-01-28,fatigue,5
e7bc2083,anemia_01,2025-01-28,headache,4
96c08cc8,anemia_01,2025-01-28,heavy_bleeding,5
2e8c4dcb,anemia_01,2025-01-28,cramps,4
a34d6c00,anemia_01,2025-01-29,fatigue,2
ef2a559d,anemia_01,2025-01-29,headache,2
41d7160b,anemia_01,2025-01-29,heavy_bleeding,2
bca154e5,anemia_01,2025-01-29,dizziness,4
24385f0f,anemia_01,2025-01-30,fatigue,4
d08aadd6,anemia_01,2025-01-30,headache,4
7f353b62,anemia_01,2025-01-30,heavy_bleeding,3
61d7c000,anemia_01,2025-01-30,dizziness,2
8a026540,anemia_01,2025-01-31,fatigue,5
1a1a20bb,anemia_01,2025-01-31,headache,3
4e150999,anemia_01,2025-01-31,heavy_bleeding,3
40feeea6,anemia_01,2025-02-20,fatigue,3
ce4e0c4d,anemia_01,2025-02-20,heavy_bleeding,4
aa07f9bf,anemia_01,2025-02-20,cramps,4
09bc115b,anemia_01,2025-02-21,heavy_bleeding,4
f0d9373f,anemia_01,2025-02-21,cramps,5
6a2cd7fe,anemia_01,2025-02-21,dizziness,5
658e5f7f,anemia_01,2025-02-22,fatigue,2
a311962a,anemia_01,2025-02-22,heavy_bleeding,2
44c0df1b,anemia_01,2025-02-23,fatigue,5
d4599935,anemia_01,2025-02-23,headache,5
2c5c90a5,anemia_01,2025-02-23,heavy_bleeding,4
0f4cdcff,anemia_01,2025-02-23,cramps,5
ba6aecf4,anemia_01,2025-02-23,dizziness,4
b406090f,anemia_01,2025-02-24,fatigue,5
d374c073,anemia_01,2025-02-24,headache,4
06df8f08,anemia_01,2025-02-24,heavy_bleeding,5
b3c767d4,anemia_01,2025-02-24,cramps,2
ac200621,anemia_01,2025-02-25,headache,5
50edc16e,anemia_01,2025-02-25,heavy_bleeding,3
f104d9f3,anemia_01,2025-02-25,cramps,4
6da65dd7,anemia_01,2025-02-26,fatigue,4
23a1fe59,anemia_01,2025-02-26,heavy_bleeding,2
a22e10a2,anemia_01,2025-02-26,cramps,3
e50782d7,anemia_01,2025-02-26,dizziness,5
b0261a09,anemia_01,2025-02-27,fatigue,5
ee1fe56f,anemia_01,2025-02-27,heavy_bleeding,2
08c87a3b,anemia_01,2025-02-28,fatigue,3
198cbb78,anemia_01,2025-02-28,headache,2
4a88c288,anemia_01,2025-02-28,cramps,3
67ac8ee2,anemia_01,2025-02-28,dizziness,3
b0999615,anemia_01,2025-03-01,fatigue,2
ec83caaf,anemia_01,2025-03-01,headache,2
574a684b,anemia_01,2025-03-01,heavy_bleeding,3
c1566b51,anemia_01,2025-03-01,cramps,5
dfebd259,anemia_01,2025-03-02,fatigue,3
73915e7b,anemia_01,2025-03-02,headache,4
3b4190dd,anemia_01,2025-03-20,fatigue,5
833a8ac1,anemia_01,2025-03-20,headache,3
6bf18f54,anemia_01,2025-03-20,heavy_bleeding,5
e4e1b828,anemia_01,2025-03-20,cramps,3
dd53d4fd,anemia_01,2025-03-20,dizziness,5
0361f57b,anemia_01,2025-03-21,fatigue,5
309718d8,anemia_01,2025-03-21,headache,4
f2eb2fd5,anemia_01,2025-03-21,heavy_bleeding,3
f44b0b94,anemia_01,2025-03-21,cramps,3
53db2c8f,anemia_01,2025-03-21,dizziness,2
18a00bcd,anemia_01,2025-03-22,fatigue,4
6eedcf3d,anemia_01,2025-03-22,headache,2
15393da8,anemia_01,2025-03-22,heavy_bleeding,2
5ef90539,anemia_01,2025-03-22,dizziness,2
33600c97,anemia_01,2025-03-23,fatigue,3
74ca4e8c,anemia_01,2025-03-23,heavy_bleeding,3
f5289af3,anemia_01,2025-03-23,cramps,2
853faa99,anemia_01,2025-03-23,dizziness,3
5944290f,anemia_01,2025-03-24,fatigue,4
24eaf6ad,anemia_01,2025-03-24,headache,5
3d6e3180,anemia_01,2025-03-24,heavy_bleeding,5
612f90c9,anemia_01,2025-03-25,fatigue,4
6f39ce4a,anemia_01,2025-03-25,heavy_bleeding,3
de51d951,anemia_01,2025-03-25,cramps,5
230c24e8,anemia_01,2025-03-25,dizziness,5
b37cb4ee,anemia_01,2025-03-26,fatigue,4
35fd127e,anemia_01,2025-03-26,heavy_bleeding,4
cdc861ae,anemia_01,2025-03-26,cramps,3
c12874ff,anemia_01,2025-03-27,fatigue,4
49815dce,anemia_01,2025-03-27,heavy_bleeding,3
397ec79c,anemia_01,2025-03-27,cramps,4
385e55bf,anemia_01,2025-03-28,fatigue,3
8ed6ffd4,anemia_01,2025-03-28,heavy_bleeding,2
14491ac8,anemia_01,2025-03-28,cramps,4
19d3d1b5,anemia_01,2025-03-29,fatigue,4
f882f85f,anemia_01,2025-03-29,heavy_bleeding,3
d8dcc879,anemia_01,2025-03-29,cramps,4
7818b219,anemia_01,2025-03-30,fatigue,4
b57efc19,anemia_01,2025-03-30,headache,3
b284a7b1,anemia_01,2025-03-31,fatigue,3
9417f3fc,anemia_01,2025-03-31,headache,2
73d5771a,anemia_01,2025-03-31,heavy_bleeding,5
1c09ed80,anemia_01,2025-03-31,cramps,5
298ff67b,anemia_01,2025-04-15,fatigue,5
dbfb7c72,anemia_01,2025-04-15,heavy_bleeding,4
547b7ac6,anemia_01,2025-04-15,dizziness,4
5719fd83,anemia_01,2025-04-16,fatigue,5
1e3eca97,anemia_01,2025-04-16,headache,5
968c9314,anemia_01,2025-04-16,heavy_bleeding,4
3b92f589,anemia_01,2025-04-16,cramps,4
e65926f6,anemia_01,2025-04-17,fatigue,4
de280457,anemia_01,2025-04-17,headache,2
500ac153,anemia_01,2025-04-17,heavy_bleeding,2
680ba020,anemia_01,2025-04-17,cramps,3
253c51c4,anemia_01,2025-04-17,dizziness,5
fb2d8b78,anemia_01,2025-04-18,fatigue,5
6cf8e87a,anemia_01,2025-04-18,headache,4
69fd15c3,anemia_01,2025-04-18,cramps,3
98121b05,anemia_01,2025-04-19,fatigue,4
bab04735,anemia_01,2025-04-19,dizziness,2
2e0e15b6,anemia_01,2025-04-20,fatigue,2
605c5ba0,anemia_01,2025-04-20,heavy_bleeding,5
afef6bba,anemia_01,2025-04-20,cramps,4
ce8a27a5,anemia_01,2025-04-20,dizziness,4
a0f04fec,anemia_01,2025-04-21,fatigue,5
76d979a7,anemia_01,2025-04-21,headache,5
4d20d2b8,anemia_01,2025-04-21,heavy_bleeding,3
9e14fa3e,anemia_01,2025-04-21,cramps,4
e65f81a0,anemia_01,2025-04-22,fatigue,3
ef0c66c3,anemia_01,2025-04-22,headache,3
00ab4d00,anemia_01,2025-04-22,heavy_bleeding,2
5767f192,anemia_01,2025-04-22,dizziness,2
7fd37e99,anemia_01,2025-04-23,fatigue,2
f4547876,anemia_01,2025-04-23,headache,4
33b43f16,anemia_01,2025-04-23,heavy_bleeding,3
051dcbf9,anemia_01,2025-05-10,fatigue,4
e0d6cdeb,anemia_01,2025-05-10,cramps,4
f53c6348,anemia_01,2025-05-10,dizziness,3
d8b140d9,anemia_01,2025-05-11,fatigue,5
7438c57f,anemia_01,2025-05-11,heavy_bleeding,5
4fbdc980,anemia_01,2025-05-11,dizziness,4
d77c4d46,anemia_01,2025-05-12,fatigue,4
68c58c6e,anemia_01,2025-05-12,heavy_bleeding,5
40be1653,anemia_01,2025-05-13,fatigue,3
e840afaf,anemia_01,2025-05-13,heavy_bleeding,4
9d36f677,anemia_01,2025-05-14,fatigue,5
10b645f5,anemia_01,2025-05-14,heavy_bleeding,3
c03c2074,anemia_01,2025-05-15,fatigue,2
24df13ac,anemia_01,2025-05-15,headache,3
6bdff663,anemia_01,2025-05-15,heavy_bleeding,3
8cc854d5,anemia_01,2025-05-15,cramps,2
590d0634,anemia_01,2025-05-16,headache,2
57ee7412,anemia_01,2025-05-16,heavy_bleeding,4
aac2dd5b,anemia_01,2025-05-16,dizziness,5
bbf7e07b,anemia_01,2025-05-17,fatigue,4
b37cc647,anemia_01,2025-05-17,headache,3
5039b75f,anemia_01,2025-05-17,heavy_bleeding,3
cfed2c7a,anemia_01,2025-05-17,cramps,2
ddc4a6c3,anemia_01,2025-05-18,fatigue,3
d43c4850,anemia_01,2025-05-18,cramps,3
f6a63f67,anemia_01,2025-05-18,dizziness,4
c648c338,anemia_01,2025-05-19,fatigue,4
c487537b,anemia_01,2025-05-19,heavy_bleeding,3
f01512d9,anemia_01,2025-05-19,cramps,5
fdb868fc,anemia_01,2025-05-20,fatigue,3
f62e0834,anemia_01,2025-05-20,headache,3
0efa3edf,anemia_01,2025-05-20,heavy_bleeding,4
b3971234,anemia_01,2025-05-20,cramps,3
7fb6045e,anemia_01,2025-06-06,fatigue,3
14eb3ab8,anemia_01,2025-06-06,heavy_bleeding,3
99203fe7,anemia_01,2025-06-06,cramps,4
c4ca6938,anemia_01,2025-06-06,dizziness,2
50ec7b91,anemia_01,2025-06-07,fatigue,2
4a8294f5,anemia_01,2025-06-07,headache,3
e4620e57,anemia_01,2025-06-07,heavy_bleeding,3
0469c5bf,anemia_01,2025-06-08,heavy_bleeding,5
8da609b2,anemia_01,2025-06-09,fatigue,5
ce3057bc,anemia_01,2025-06-09,headache,4
b4400cec,anemia_01,2025-06-09,heavy_bleeding,2
e3148470,anemia_01,2025-06-09,dizziness,2
5b74e8fb,anemia_01,2025-06-10,fatigue,3
d5d187ba,anemia_01,2025-06-10,headache,5
147d0827,anemia_01,2025-06-10,heavy_bleeding,4
d63ab3b4,anemia_01,2025-06-10,cramps,3
ef38e600,anemia_01,2025-06-11,fatigue,3
2db8d4ce,anemia_01,2025-06-11,headache,3
464c1bdf,anemia_01,2025-06-11,heavy_bleeding,3
88f6d689,anemia_01,2025-06-11,dizziness,2
ccbc9dbd,anemia_01,2025-06-12,fatigue,4
03e00a81,anemia_01,2025-06-12,headache,3
c3af9d86,anemia_01,2025-06-12,heavy_bleeding,5
ccb12395,anemia_01,2025-06-13,fatigue,2
66d9eac1,anemia_01,2025-06-13,headache,5
4b6620ef,anemia_01,2025-06-13,heavy_bleeding,2
8e4cc4cd,anemia_01,2025-06-13,cramps,2
d4b5d5af,anemia_01,2025-06-14,fatigue,5
95e84a3c,anemia_01,2025-06-14,headache,3
ac94ff6f,anemia_01,2025-06-14,cramps,4
98ea99d2,anemia_01,2025-06-14,dizziness,3
c1e9f4d5,anemia_01,2025-06-15,fatigue,4
66b53835,anemia_01,2025-06-15,heavy_bleeding,3
c899d4ef,anemia_01,2025-06-15,cramps,2
44b9d492,anemia_01,2025-06-16,fatigue,5
3acf7db6,anemia_01,2025-06-16,heavy_bleeding,4
750acb3c,anemia_01,2025-06-16,cramps,2
7b2c6334,anemia_01,2025-06-16,dizziness,3
da8f71ec,anemia_01,2025-07-02,fatigue,2
1a09d14a,anemia_01,2025-07-02,dizziness,2
0794e2db,anemia_01,2025-07-03,fatigue,2
8e032dca,anemia_01,2025-07-03,headache,4
13bdec7a,anemia_01,2025-07-03,heavy_bleeding,3
469e5aea,anemia_01,2025-07-03,dizziness,5
11b36c87,anemia_01,2025-07-04,fatigue,4
a32b3ced,anemia_01,2025-07-04,headache,5
4d53f420,anemia_01,2025-07-04,heavy_bleeding,4
c5731370,anemia_01,2025-07-04,dizziness,4
b25f28e1,anemia_01,2025-07-05,fatigue,2
83e5cc75,anemia_01,2025-07-05,headache,2
3489a90c,anemia_01,2025-07-05,heavy_bleeding,5
78ad954b,anemia_01,2025-07-05,cramps,3
93a56e4b,anemia_01,2025-07-05,dizziness,4
db1676cb,anemia_01,2025-07-06,fatigue,3
b9ff3e9a,anemia_01,2025-07-06,headache,5
56139f71,anemia_01,2025-07-06,cramps,2
4c0ca786,anemia_01,2025-07-06,dizziness,3
96bf25fc,anemia_01,2025-07-07,fatigue,3
0f7e49bc,anemia_01,2025-07-07,heavy_bleeding,4
4fe59815,anemia_01,2025-07-08,fatigue,5
22cb0d3f,anemia_01,2025-07-08,headache,5
534004db,anemia_01,2025-07-08,cramps,3
8d778785,anemia_01,2025-07-09,fatigue,3
9ee078af,anemia_01,2025-07-09,cramps,5
ffa0c1d1,anemia_01,2025-07-10,headache,5
050dcf98,anemia_01,2025-07-10,heavy_bleeding,4
780ca145,anemia_01,2025-07-10,cramps,5
4fd8da64,anemia_01,2025-07-10,dizziness,2
2b42b66d,anemia_01,2025-07-11,headache,5
1611fa6a,anemia_01,2025-07-11,heavy_bleeding,5
e5a123be,anemia_01,2025-07-11,cramps,3
c3ceb6a6,anemia_01,2025-07-12,fatigue,2
5265d69a,anemia_01,2025-07-12,headache,3
900b2545,anemia_01,2025-07-12,heavy_bleeding,5
06898d7d,anemia_01,2025-07-12,cramps,4
0c0c7902,anemia_01,2025-07-12,dizziness,5
1bdfdd5b,anemia_01,2025-07-13,fatigue,3
c88c80b8,anemia_01,2025-07-13,headache,3
7e4b53f3,anemia_01,2025-07-13,cramps,4
68034681,anemia_01,2025-07-13,dizziness,3
2a978588,anemia_01,2025-07-14,headache,3
3a5faf7f,anemia_01,2025-07-14,cramps,2
a28e3cfc,anemia_01,2025-07-14,dizziness,2
35ec930a,anemia_01,2025-07-15,fatigue,5
62894b62,anemia_01,2025-07-15,heavy_bleeding,4
cd49e45b,anemia_01,2025-07-15,cramps,5
9209eb9c,anemia_01,2025-07-15,dizziness,3
b910c8f9,anemia_01,2025-07-16,cramps,2
67d6f5cc,anemia_01,2025-07-30,fatigue,3
a08ae32a,anemia_01,2025-07-30,headache,3
59036cb7,anemia_01,2025-07-30,dizziness,4
df1f6559,anemia_01,2025-07-31,fatigue,5
faf09c75,anemia_01,2025-07-31,cramps,3
e7168da2,anemia_01,2025-07-31,dizziness,4
3f536ab2,anemia_01,2025-08-01,fatigue,4
a721d300,anemia_01,2025-08-01,heavy_bleeding,3
67afee1b,anemia_01,2025-08-01,cramps,4
3ed046c1,anemia_01,2025-08-01,dizziness,5
b47ee5c4,anemia_01,2025-08-02,fatigue,2
bd1aaac4,anemia_01,2025-08-02,heavy_bleeding,2
e752d167,anemia_01,2025-08-02,dizziness,5
f45c8167,anemia_01,2025-08-03,fatigue,3
06c02e36,anemia_01,2025-08-03,headache,2
a112b035,anemia_01,2025-08-03,heavy_bleeding,3
fd51b6dd,anemia_01,2025-08-03,cramps,4
7af663ee,anemia_01,2025-08-03,dizziness,3
178e008d,anemia_01,2025-08-04,fatigue,5
e42f50c5,anemia_01,2025-08-04,headache,3
04252c99,anemia_01,2025-08-04,heavy_bleeding,4
4a9bfceb,anemia_01,2025-08-04,cramps,4
804dbe34,anemia_01,2025-08-05,fatigue,5
973df747,anemia_01,2025-08-05,dizziness,5
10b7e17b,anemia_01,2025-08-06,fatigue,5
0a154c49,anemia_01,2025-08-06,headache,5
d42b1902,anemia_01,2025-08-06,heavy_bleeding,5
4a1a5a11,anemia_01,2025-08-06,cramps,4
44803126,anemia_01,2025-08-07,fatigue,5
d0d54816,anemia_01,2025-08-07,headache,2
43008956,anemia_01,2025-08-07,heavy_bleeding,2
a93bda0e,anemia_01,2025-08-08,heavy_bleeding,5
1ea2493f,anemia_01,2025-08-08,cramps,2
788dfd3d,anemia_01,2025-08-09,fatigue,5
0f8ef23a,anemia_01,2025-08-09,headache,5
05978f9c,anemia_01,2025-08-09,heavy_bleeding,2
d91a3b3f,anemia_01,2025-08-10,fatigue,4
97a13a47,anemia_01,2025-08-10,heavy_bleeding,4
f5975da5,anemia_02,2024-01-01,fatigue,2
9d982618,anemia_02,2024-01-01,headache,3
53af488b,anemia_02,2024-01-01,heavy_bleeding,2
c107c3b8,anemia_02,2024-01-01,cramps,4
fedefdae,anemia_02,2024-01-02,fatigue,4
9eec08ad,anemia_02,2024-01-02,headache,5
227ae272,anemia_02,2024-01-02,heavy_bleeding,4
bcc6eca9,anemia_02,2024-01-02,cramps,5
ba9b183a,anemia_02,2024-01-03,fatigue,2
824ce125,anemia_02,2024-01-03,headache,5
95dda661,anemia_02,2024-01-03,heavy_bleeding,3
108bc3c1,anemia_02,2024-01-03,cramps,2
79794471,anemia_02,2024-01-04,fatigue,4
d39d1e5e,anemia_02,2024-01-04,headache,5
73d9e3bd,anemia_02,2024-01-04,heavy_bleeding,5
450dff98,anemia_02,2024-01-04,dizziness,4
ae5c2315,anemia_02,2024-01-05,fatigue,5
1ecf1016,anemia_02,2024-01-05,headache,4
80a0da84,anemia_02,2024-01-05,heavy_bleeding,5
0f58dc93,anemia_02,2024-01-05,cramps,4
cda2cc0f,anemia_02,2024-01-05,dizziness,4
84897b9a,anemia_02,2024-01-06,fatigue,3
f1f84cdb,anemia_02,2024-01-06,heavy_bleeding,4
a8ee898a,anemia_02,2024-01-06,dizziness,4
7b4e01a5,anemia_02,2024-01-07,fatigue,5
e075ff15,anemia_02,2024-01-07,headache,5
3296d238,anemia_02,2024-01-07,cramps,4
cca6791f,anemia_02,2024-01-08,fatigue,2
2befb679,anemia_02,2024-01-08,headache,4
dad92fb3,anemia_02,2024-01-08,heavy_bleeding,5
f1fe1045,anemia_02,2024-01-08,dizziness,5
a2b4c33a,anemia_02,2024-01-09,fatigue,3
8b8c4622,anemia_02,2024-01-09,heavy_bleeding,4
5a261f56,anemia_02,2024-01-09,cramps,5
6402fdb0,anemia_02,2024-01-10,fatigue,5
9e6fc27c,anemia_02,2024-01-10,heavy_bleeding,2
b68b7629,anemia_02,2024-01-10,cramps,2
5d50c551,anemia_02,2024-01-10,dizziness,2
7351cd8d,anemia_02,2024-01-11,fatigue,3
16dab3d8,anemia_02,2024-01-11,cramps,2
13a15294,anemia_02,2024-01-12,fatigue,2
8aef5b76,anemia_02,2024-01-12,heavy_bleeding,2
8032962d,anemia_02,2024-01-12,cramps,4
6d4aa113,anemia_02,2024-01-27,fatigue,3
d994b093,anemia_02,2024-01-27,heavy_bleeding,2
44ace1b9,anemia_02,2024-01-27,cramps,5
6be95294,anemia_02,2024-01-28,headache,3
6f564201,anemia_02,2024-01-28,heavy_bleeding,5
b5607ded,anemia_02,2024-01-29,fatigue,5
62a22fe9,anemia_02,2024-01-29,heavy_bleeding,3
204849c8,anemia_02,2024-01-29,cramps,5
ea9a4a69,anemia_02,2024-01-30,headache,3
a85b84e0,anemia_02,2024-01-30,heavy_bleeding,3
120dfc44,anemia_02,2024-01-31,fatigue,4
9b5e66e3,anemia_02,2024-01-31,heavy_bleeding,5
a6dec849,anemia_02,2024-01-31,dizziness,3
4615351e,anemia_02,2024-02-01,fatigue,5
c1a7b1b1,anemia_02,2024-02-01,heavy_bleeding,2
e80c0ab1,anemia_02,2024-02-02,fatigue,4
98a56099,anemia_02,2024-02-02,cramps,5
92fb1b35,anemia_02,2024-02-03,heavy_bleeding,4
b6b47704,anemia_02,2024-02-03,cramps,4
07bd4d3b,anemia_02,2024-02-04,fatigue,5
9e5fc655,anemia_02,2024-02-04,headache,5
ac7d7d43,anemia_02,2024-02-04,heavy_bleeding,2
0ed38628,anemia_02,2024-02-04,cramps,2
85593bb4,anemia_02,2024-02-04,dizziness,5
9159dfe1,anemia_02,2024-02-05,fatigue,2
c91f9ced,anemia_02,2024-02-05,cramps,3
f312c586,anemia_02,2024-02-06,fatigue,5
de05a5ba,anemia_02,2024-02-06,headache,3
06956050,anemia_02,2024-02-06,heavy_bleeding,4
debd7401,anemia_02,2024-02-07,fatigue,4
25790edc,anemia_02,2024-02-07,heavy_bleeding,4
ff128330,anemia_02,2024-02-08,fatigue,3
cad7ba43,anemia_02,2024-02-08,headache,2
81685925,anemia_02,2024-02-08,heavy_bleeding,5
95960c63,anemia_02,2024-02-08,cramps,3
8dd08b84,anemia_02,2024-02-25,fatigue,4
628bc21f,anemia_02,2024-02-25,headache,3
c21da214,anemia_02,2024-02-25,heavy_bleeding,4
193b8a19,anemia_02,2024-02-25,cramps,2
063fcbb7,anemia_02,2024-02-26,fatigue,2
da2cbaa8,anemia_02,2024-02-26,heavy_bleeding,4
7861b1a6,anemia_02,2024-02-26,cramps,4
b722a1d6,anemia_02,2024-02-27,fatigue,4
5d805a98,anemia_02,2024-02-27,headache,3
6fbff79b,anemia_02,2024-02-27,heavy_bleeding,4
12f289e8,anemia_02,2024-02-27,cramps,4
efbe8406,anemia_02,2024-02-27,dizziness,3
469793a6,anemia_02,2024-02-28,fatigue,3
020789f5,anemia_02,2024-02-28,heavy_bleeding,5
f3ea4c2e,anemia_02,2024-02-28,cramps,4
f84cb221,anemia_02,2024-02-28,dizziness,4
43cc45b8,anemia_02,2024-02-29,headache,2
373e1006,anemia_02,2024-02-29,cramps,5
beb29ac1,anemia_02,2024-02-29,dizziness,3
21be416d,anemia_02,2024-03-01,fatigue,4
f5837fbe,anemia_02,2024-03-01,heavy_bleeding,3
f49e8cfb,anemia_02,2024-03-02,fatigue,3
50d50e8b,anemia_02,2024-03-02,headache,4
4fa736d4,anemia_02,2024-03-02,heavy_bleeding,5
a8f06259,anemia_02,2024-03-02,cramps,5
c69de40c,anemia_02,2024-03-02,dizziness,4
80bbc1ff,anemia_02,2024-03-03,fatigue,3
9b19dd5e,anemia_02,2024-03-03,headache,4
d4180372,anemia_02,2024-03-03,heavy_bleeding,2
011a60b7,anemia_02,2024-03-03,cramps,2
3806dee7,anemia_02,2024-03-03,dizziness,5
3b4dd135,anemia_02,2024-03-04,fatigue,2
2f4c8efc,anemia_02,2024-03-04,headache,3
0d5daaf7,anemia_02,2024-03-04,heavy_bleeding,3
acdc2946,anemia_02,2024-03-04,dizziness,2
d606e97b,anemia_02,2024-03-05,fatigue,2
0063a8e3,anemia_02,2024-03-05,headache,2
f9143f87,anemia_02,2024-03-05,heavy_bleeding,4
e9ec224d,anemia_02,2024-03-05,dizziness,3
3f5cc329,anemia_02,2024-03-06,fatigue,5
3c81a60d,anemia_02,2024-03-06,headache,4
2b923422,anemia_02,2024-03-06,heavy_bleeding,4
eb667902,anemia_02,2024-03-07,fatigue,2
7b33ef09,anemia_02,2024-03-07,heavy_bleeding,2
a65773f7,anemia_02,2024-03-07,cramps,2
a5df099f,anemia_02,2024-03-20,fatigue,3
d2d3dbcb,anemia_02,2024-03-20,heavy_bleeding,4
6841eed8,anemia_02,2024-03-20,cramps,2
b6e62604,anemia_02,2024-03-21,fatigue,2
e92f329a,anemia_02,2024-03-21,heavy_bleeding,3
4de8d30d,anemia_02,2024-03-21,dizziness,5
498465e7,anemia_02,2024-03-22,fatigue,4
fee69ca1,anemia_02,2024-03-22,heavy_bleeding,4
4f7d4a04,anemia_02,2024-03-22,dizziness,4
69622bf9,anemia_02,2024-03-23,fatigue,5
adc4bd73,anemia_02,2024-03-23,headache,4
aee224a8,anemia_02,2024-03-23,heavy_bleeding,3
b16fef1e,anemia_02,2024-03-24,fatigue,2
20503432,anemia_02,2024-03-24,headache,3
ec784f6e,anemia_02,2024-03-24,heavy_bleeding,2
78fd60a3,anemia_02,2024-03-25,fatigue,5
650b8529,anemia_02,2024-03-25,headache,3
06634c9e,anemia_02,2024-03-25,heavy_bleeding,5
50ea14ad,anemia_02,2024-03-25,cramps,5
9493361c,anemia_02,2024-03-26,fatigue,5
cf5fa30e,anemia_02,2024-03-26,headache,3
186df25d,anemia_02,2024-03-26,heavy_bleeding,4
fbee27e5,anemia_02,2024-03-26,cramps,2
d4e8221b,anemia_02,2024-03-26,dizziness,2
fbe1a4c9,anemia_02,2024-03-27,fatigue,5
dd3a3f58,anemia_02,2024-03-27,headache,3
afc12053,anemia_02,2024-03-27,heavy_bleeding,5
c9df3b15,anemia_02,2024-03-28,fatigue,4
5b89b144,anemia_02,2024-03-28,headache,4
df771d1d,anemia_02,2024-03-28,heavy_bleeding,2
3e1fcc02,anemia_02,2024-03-28,cramps,4
0afc809a,anemia_02,2024-03-29,fatigue,3
db408502,anemia_02,2024-03-29,headache,5
800beed2,anemia_02,2024-03-29,heavy_bleeding,3
d87a40ae,anemia_02,2024-03-29,cramps,4
6fd32102,anemia_02,2024-03-30,fatigue,5
6caad797,anemia_02,2024-03-30,heavy_bleeding,2
9147328c,anemia_02,2024-03-30,cramps,5
e51ea814,anemia_02,2024-04-16,headache,4
e80c21d5,anemia_02,2024-04-16,heavy_bleeding,5
a1c195d2,anemia_02,2024-04-16,cramps,5
c00cfc5f,anemia_02,2024-04-16,dizziness,4
885dff61,anemia_02,2024-04-17,headache,5
240fad86,anemia_02,2024-04-17,heavy_bleeding,3
16067a2d,anemia_02,2024-04-18,fatigue,3
0b1dc24f,anemia_02,2024-04-18,heavy_bleeding,4
5e525b2b,anemia_02,2024-04-18,cramps,3
e555e098,anemia_02,2024-04-18,dizziness,3
34fd3173,anemia_02,2024-04-19,fatigue,3
43c94b3f,anemia_02,2024-04-19,headache,4
2fbf1edf,anemia_02,2024-04-19,heavy_bleeding,5
5b56fab5,anemia_02,2024-04-20,fatigue,3
95d9bbd2,anemia_02,2024-04-20,headache,3
4af2820f,anemia_02,2024-04-20,heavy_bleeding,5
cda59f2c,anemia_02,2024-04-20,cramps,4
cda8260e,anemia_02,2024-04-20,dizziness,3
daa1426c,anemia_02,2024-04-21,headache,2
459a2b52,anemia_02,2024-04-21,heavy_bleeding,5
d9f487c8,anemia_02,2024-04-21,cramps,2
56ef674d,anemia_02,2024-04-21,dizziness,5
83871b22,anemia_02,2024-04-22,fatigue,3
ec62c2f5,anemia_02,2024-04-22,headache,3
27eef050,anemia_02,2024-04-22,heavy_bleeding,3
8234f351,anemia_02,2024-04-22,cramps,3
d056bcc7,anemia_02,2024-04-23,fatigue,4
4b865d3f,anemia_02,2024-04-23,headache,4
dd3637bb,anemia_02,2024-04-23,heavy_bleeding,3
7b9f73a2,anemia_02,2024-04-23,cramps,2
dfd02c47,anemia_02,2024-04-24,fatigue,4
a7683ef5,anemia_02,2024-04-24,headache,2
993e06d6,anemia_02,2024-04-24,cramps,3
f2430ba8,anemia_02,2024-04-25,fatigue,5
b19bd49b,anemia_02,2024-04-25,headache,2
5e8ae58e,anemia_02,2024-04-25,heavy_bleeding,5
80c963f4,anemia_02,2024-04-25,cramps,4
88d6a7d3,anemia_02,2024-04-25,dizziness,5
6cd3eb68,anemia_02,2024-04-26,headache,4
4a600f20,anemia_02,2024-04-26,heavy_bleeding,3
4bb3cf31,anemia_02,2024-04-26,cramps,2
21e5fc59,anemia_02,2024-04-27,fatigue,4
22d4ad59,anemia_02,2024-04-27,headache,5
a1a75fd9,anemia_02,2024-04-27,heavy_bleeding,4
8ee53a9f,anemia_02,2024-04-27,dizziness,4
7cdfab09,anemia_02,2024-05-13,fatigue,5
be77067a,anemia_02,2024-05-13,headache,5
dc73eabf,anemia_02,2024-05-13,heavy_bleeding,5
edaaede7,anemia_02,2024-05-13,cramps,3
05098154,anemia_02,2024-05-13,dizziness,3
6b9714f5,anemia_02,2024-05-14,fatigue,3
9fd6f605,anemia_02,2024-05-14,headache,4
0515a780,anemia_02,2024-05-14,heavy_bleeding,5
c515f11f,anemia_02,2024-05-15,fatigue,3
97a51957,anemia_02,2024-05-15,headache,2
436ee94c,anemia_02,2024-05-15,heavy_bleeding,4
ee1c0675,anemia_02,2024-05-15,cramps,3
22d74e2d,anemia_02,2024-05-16,fatigue,4
d2839ab5,anemia_02,2024-05-17,fatigue,4
3181d54e,anemia_02,2024-05-17,headache,4
a771c4f2,anemia_02,2024-05-17,heavy_bleeding,5
973ec398,anemia_02,2024-05-17,cramps,2
cb41c316,anemia_02,2024-05-18,fatigue,5
92e711ca,anemia_02,2024-05-18,headache,5
c36a2316,anemia_02,2024-05-18,heavy_bleeding,5
c881e1ec,anemia_02,2024-05-19,fatigue,4
42788fed,anemia_02,2024-05-20,fatigue,4
74168d31,anemia_02,2024-05-20,headache,5
07c74cd0,anemia_02,2024-05-20,heavy_bleeding,4
a070cf64,anemia_02,2024-05-20,cramps,2
c0d82fd5,anemia_02,2024-05-20,dizziness,4
c6c7eee0,anemia_02,2024-05-21,fatigue,3
4e99ab55,anemia_02,2024-05-21,heavy_bleeding,2
33e38617,anemia_02,2024-05-21,cramps,2
263bcae3,anemia_02,2024-05-21,dizziness,3
ee3a2db6,anemia_02,2024-05-22,fatigue,5
24e18363,anemia_02,2024-05-23,fatigue,5
89ff1713,anemia_02,2024-05-23,heavy_bleeding,2
bcc40586,anemia_02,2024-05-23,cramps,3
b4386408,anemia_02,2024-05-23,dizziness,2
011ffa2c,anemia_02,2024-06-10,fatigue,4
2c31b8e7,anemia_02,2024-06-10,headache,2
15f442fd,anemia_02,2024-06-10,heavy_bleeding,3
48739be1,anemia_02,2024-06-10,cramps,4
bc227430,anemia_02,2024-06-10,dizziness,2
656c9796,anemia_02,2024-06-11,headache,5
2e82f623,anemia_02,2024-06-11,heavy_bleeding,3
693d297f,anemia_02,2024-06-11,dizziness,2
e857216b,anemia_02,2024-06-12,fatigue,3
54d1b2a0,anemia_02,2024-06-12,headache,5
b80a55c6,anemia_02,2024-06-12,heavy_bleeding,3
6401d878,anemia_02,2024-06-12,cramps,5
df898b04,anemia_02,2024-06-13,fatigue,2
7946f51b,anemia_02,2024-06-13,headache,4
4b9e4a19,anemia_02,2024-06-13,heavy_bleeding,3
f3ad4db2,anemia_02,2024-06-13,cramps,5
83521658,anemia_02,2024-06-14,fatigue,2
cf87d460,anemia_02,2024-06-14,headache,2
99083fa0,anemia_02,2024-06-14,heavy_bleeding,2
17bc344e,anemia_02,2024-06-14,dizziness,4
e6ee39eb,anemia_02,2024-06-15,fatigue,3
9e9c44d6,anemia_02,2024-06-15,heavy_bleeding,4
d064dba7,anemia_02,2024-06-16,fatigue,3
ce117d11,anemia_02,2024-06-16,heavy_bleeding,5
619d9776,anemia_02,2024-06-16,cramps,2
a6540f60,anemia_02,2024-06-16,dizziness,5
1dd69d8f,anemia_02,2024-06-17,fatigue,2
9272a8c4,anemia_02,2024-06-17,headache,2
5ed3752c,anemia_02,2024-06-18,fatigue,3
786ca869,anemia_02,2024-06-18,headache,3
5e7176cf,anemia_02,2024-06-18,dizziness,3
7e30cc48,anemia_02,2024-06-19,fatigue,2
3d9bbae5,anemia_02,2024-06-19,heavy_bleeding,3
31f687ae,anemia_02,2024-06-19,cramps,2
fa25d606,anemia_02,2024-06-19,dizziness,3
bb993282,anemia_02,2024-06-20,fatigue,5
25e81df2,anemia_02,2024-06-20,heavy_bleeding,4
29a4213a,anemia_02,2024-06-21,fatigue,4
5c371b06,anemia_02,2024-06-21,heavy_bleeding,3
10ca94b8,anemia_02,2024-07-11,fatigue,3
dfd3b2b5,anemia_02,2024-07-11,headache,2
bc18237e,anemia_02,2024-07-11,heavy_bleeding,5
2baf5953,anemia_02,2024-07-11,cramps,4
b5d96448,anemia_02,2024-07-11,dizziness,3
abd12194,anemia_02,2024-07-12,fatigue,5
b76971d0,anemia_02,2024-07-12,headache,2
cecd2b6f,anemia_02,2024-07-12,heavy_bleeding,2
f83d78a0,anemia_02,2024-07-12,cramps,2
5ed105b4,anemia_02,2024-07-12,dizziness,5
b2af3d2c,anemia_02,2024-07-13,headache,5
dde172f2,anemia_02,2024-07-13,heavy_bleeding,2
e3d31aa9,anemia_02,2024-07-13,cramps,2
8dea3fb1,anemia_02,2024-07-13,dizziness,5
dcade931,anemia_02,2024-07-14,fatigue,3
c31e0f4e,anemia_02,2024-07-14,headache,3
e88b5e72,anemia_02,2024-07-14,heavy_bleeding,3
abf59160,anemia_02,2024-07-14,cramps,4
c03329ca,anemia_02,2024-07-14,dizziness,4
30b7254b,anemia_02,2024-07-15,fatigue,2
4cd383b8,anemia_02,2024-07-15,headache,2
405224b2,anemia_02,2024-07-15,heavy_bleeding,3
683ab0d1,anemia_02,2024-07-15,cramps,4
87a62914,anemia_02,2024-07-16,fatigue,4
f043327b,anemia_02,2024-07-16,headache,4
d6e2cda6,anemia_02,2024-07-16,heavy_bleeding,2
37c30e2a,anemia_02,2024-07-16,cramps,4
4f905c48,anemia_02,2024-07-16,dizziness,4
2c63e7d4,anemia_02,2024-07-17,fatigue,5
f9934ffa,anemia_02,2024-07-17,headache,3
4acdf21d,anemia_02,2024-07-17,heavy_bleeding,4
ec92d33b,anemia_02,2024-07-17,cramps,5
d25d3682,anemia_02,2024-07-17,dizziness,2
11ad1baf,anemia_02,2024-07-18,fatigue,3
6923c445,anemia_02,2024-07-18,heavy_bleeding,5
9846b25c,anemia_02,2024-07-18,cramps,4
2b306389,anemia_02,2024-07-19,fatigue,3
a393e65e,anemia_02,2024-07-19,headache,2
71a8c346,anemia_02,2024-07-19,heavy_bleeding,3
4c57570f,anemia_02,2024-07-19,cramps,5
00edc7f2,anemia_02,2024-07-20,headache,3
acc0eaff,anemia_02,2024-07-20,heavy_bleeding,2
9816775b,anemia_02,2024-07-20,cramps,3
c195e656,anemia_02,2024-07-20,dizziness,4
9dd46941,anemia_02,2024-07-21,fatigue,3
d6e206d2,anemia_02,2024-07-21,headache,3
70bf8454,anemia_02,2024-07-21,heavy_bleeding,5
26796e99,anemia_02,2024-07-22,fatigue,2
1b6b8761,anemia_02,2024-07-22,heavy_bleeding,4
68d9eecb,anemia_02,2024-07-22,cramps,4
536e4ab7,anemia_02,2024-07-22,dizziness,4
cb4bc128,anemia_02,2024-07-23,fatigue,5
14f1504c,anemia_02,2024-08-10,fatigue,5
fa700c8f,anemia_02,2024-08-10,headache,4
a0fd13a5,anemia_02,2024-08-11,dizziness,4
5ff95cc9,anemia_02,2024-08-12,fatigue,5
8dfb41ee,anemia_02,2024-08-12,heavy_bleeding,4
0428fa83,anemia_02,2024-08-13,fatigue,3
d8d9ae89,anemia_02,2024-08-13,headache,2
34c3135f,anemia_02,2024-08-13,heavy_bleeding,2
9f0281ac,anemia_02,2024-08-13,cramps,4
d6ade64b,anemia_02,2024-08-14,fatigue,5
0a65fcdd,anemia_02,2024-08-14,headache,5
80bf8670,anemia_02,2024-08-14,heavy_bleeding,5
6d334caf,anemia_02,2024-08-15,fatigue,4
6141b7be,anemia_02,2024-08-15,heavy_bleeding,2
6cc64ff4,anemia_02,2024-08-15,cramps,3
4c227552,anemia_02,2024-08-16,fatigue,4
723d9d24,anemia_02,2024-08-16,headache,5
68115501,anemia_02,2024-08-16,cramps,2
5e864a1d,anemia_02,2024-08-16,dizziness,3
a29a5589,anemia_02,2024-08-17,fatigue,2
1ffa844a,anemia_02,2024-08-17,headache,4
8a1ec4f0,anemia_02,2024-08-17,cramps,3
4df3faa5,anemia_02,2024-08-18,fatigue,4
b6a91435,anemia_02,2024-08-18,heavy_bleeding,2
7a9a441f,anemia_02,2024-08-18,dizziness,3
bd034e9c,anemia_02,2024-08-19,fatigue,5
b82751c3,anemia_02,2024-08-19,heavy_bleeding,5
f30b97e8,anemia_02,2024-08-19,cramps,5
fc676748,anemia_02,2024-08-20,fatigue,3
6557e7d7,anemia_02,2024-08-20,headache,4
3fdd55bd,anemia_02,2024-08-20,heavy_bleeding,2
b4bc8a20,anemia_02,2024-08-20,cramps,4
bb4617eb,anemia_02,2024-08-20,dizziness,3
dfc93023,anemia_02,2024-08-21,fatigue,5
6bc1e170,anemia_02,2024-08-21,heavy_bleeding,4
4a053983,anemia_02,2024-08-21,dizziness,4
51bc8a30,anemia_02,2024-09-03,fatigue,3
d0f3358f,anemia_02,2024-09-03,headache,5
d3e756d9,anemia_02,2024-09-03,heavy_bleeding,4
f234f505,anemia_02,2024-09-03,cramps,3
16220046,anemia_02,2024-09-04,fatigue,5
7b21fde0,anemia_02,2024-09-04,heavy_bleeding,3
1a1ae293,anemia_02,2024-09-04,cramps,4
b1663a87,anemia_02,2024-09-05,fatigue,3
b880bec3,anemia_02,2024-09-06,fatigue,2
60df1970,anemia_02,2024-09-06,headache,3
d32a995b,anemia_02,2024-09-06,heavy_bleeding,2
4aca21ba,anemia_02,2024-09-06,cramps,3
62797c70,anemia_02,2024-09-06,dizziness,5
183eb07e,anemia_02,2024-09-07,fatigue,4
1c90d498,anemia_02,2024-09-07,cramps,5
0dbec51f,anemia_02,2024-09-07,dizziness,3
d07c988b,anemia_02,2024-09-08,fatigue,5
22c0aeeb,anemia_02,2024-09-08,headache,3
6b0cb964,anemia_02,2024-09-08,heavy_bleeding,5
6104d18f,anemia_02,2024-09-08,cramps,4
41fcff37,anemia_02,2024-09-08,dizziness,4
b5df83b9,anemia_02,2024-09-09,fatigue,2
8294ad36,anemia_02,2024-09-09,dizziness,4
2f40d9f5,anemia_02,2024-09-10,headache,2
8e485dbc,anemia_02,2024-09-10,heavy_bleeding,4
2e7dabd1,anemia_02,2024-09-10,dizziness,4
1ae80ac1,anemia_02,2024-09-11,fatigue,4
74c6f5c6,anemia_02,2024-09-11,headache,2
99d5d7f7,anemia_02,2024-09-11,heavy_bleeding,4
e1ed3515,anemia_02,2024-09-11,cramps,4
fee5ebdc,anemia_02,2024-09-11,dizziness,2
1872546a,anemia_02,2024-09-12,fatigue,2
9fb6de5d,anemia_02,2024-09-12,headache,2
3b01d4f1,anemia_02,2024-09-12,heavy_bleeding,5
b3bf809e,anemia_02,2024-09-12,cramps,5
f7d4e1c2,anemia_02,2024-09-13,fatigue,4
8c245b8d,anemia_02,2024-09-13,heavy_bleeding,5
02198330,anemia_02,2024-09-13,cramps,5
997e3b26,anemia_02,2024-09-30,fatigue,2
9a5f4585,anemia_02,2024-09-30,headache,2
d9cdcb2e,anemia_02,2024-09-30,heavy_bleeding,4
6e8096c1,anemia_02,2024-09-30,dizziness,2
67562cc4,anemia_02,2024-10-01,fatigue,3
e0889012,anemia_02,2024-10-01,heavy_bleeding,3
08af5232,anemia_02,2024-10-02,fatigue,5
5535e5e7,anemia_02,2024-10-02,heavy_bleeding,4
357ca3df,anemia_02,2024-10-02,cramps,3
231a24b2,anemia_02,2024-10-03,fatigue,2
c7659791,anemia_02,2024-10-03,headache,5
d42de1a9,anemia_02,2024-10-03,dizziness,5
67194629,anemia_02,2024-10-04,fatigue,5
7da11de8,anemia_02,2024-10-04,heavy_bleeding,2
0caff123,anemia_02,2024-10-05,heavy_bleeding,5
d040b6e5,anemia_02,2024-10-06,fatigue,2
e8fe51c6,anemia_02,2024-10-06,headache,5
bd515d34,anemia_02,2024-10-06,heavy_bleeding,5
812eca31,anemia_02,2024-10-07,fatigue,3
dc0880fe,anemia_02,2024-10-07,heavy_bleeding,5
b619db3c,anemia_02,2024-10-07,cramps,2
e480ba58,anemia_02,2024-10-07,dizziness,2
53c7398b,anemia_02,2024-10-08,fatigue,4
d138fc80,anemia_02,2024-10-08,headache,4
2cd1d971,anemia_02,2024-10-08,heavy_bleeding,2
55d9c263,anemia_02,2024-10-08,cramps,3
421d4dbd,anemia_02,2024-10-08,dizziness,3
6af930fe,anemia_02,2024-10-09,fatigue,3
d70e0076,anemia_02,2024-10-09,headache,2
aa7d1e17,anemia_02,2024-10-09,heavy_bleeding,4
47ed2cd6,anemia_02,2024-10-09,dizziness,5
bb51fd45,anemia_02,2024-10-10,fatigue,5
0d92a9e4,anemia_02,2024-10-10,cramps,3
cfff57cc,anemia_02,2024-10-11,fatigue,3
11521be2,anemia_02,2024-10-11,headache,5
48d665bd,anemia_02,2024-10-11,cramps,4
9ea43ceb,anemia_02,2024-10-11,dizziness,2
64081775,anemia_02,2024-10-12,fatigue,5
e852df42,anemia_02,2024-10-12,heavy_bleeding,5
3b59f537,anemia_02,2024-10-12,cramps,4
d5bfb48e,anemia_02,2024-10-12,dizziness,2
b48f1bd0,anemia_02,2024-10-23,fatigue,4
bcaf8793,anemia_02,2024-10-23,headache,5
341ed789,anemia_02,2024-10-23,heavy_bleeding,5
f23f5108,anemia_02,2024-10-23,cramps,5
458a5897,anemia_02,2024-10-23,dizziness,5
67e462c6,anemia_02,2024-10-24,fatigue,4
df60eb52,anemia_02,2024-10-24,heavy_bleeding,4
54977f90,anemia_02,2024-10-25,fatigue,5
b8105134,anemia_02,2024-10-25,heavy_bleeding,5
9d3de4a0,anemia_02,2024-10-25,cramps,5
f683441b,anemia_02,2024-10-26,fatigue,3
7d146efd,anemia_02,2024-10-26,heavy_bleeding,4
47b53165,anemia_02,2024-10-26,cramps,5
7c3f3d62,anemia_02,2024-10-27,fatigue,3
a4fe2f8f,anemia_02,2024-10-27,headache,5
d78f6b25,anemia_02,2024-10-27,heavy_bleeding,4
55f538ae,anemia_02,2024-10-27,dizziness,4
0f48b8b1,anemia_02,2024-10-28,fatigue,4
3f3fb548,anemia_02,2024-10-28,heavy_bleeding,4
7e56b989,anemia_02,2024-10-28,cramps,4
fb73ba99,anemia_02,2024-10-29,fatigue,2
c80c3a01,anemia_02,2024-10-29,heavy_bleeding,5
c4efd2bd,anemia_02,2024-10-30,fatigue,5
7f847366,anemia_02,2024-10-30,cramps,2
847cf425,anemia_02,2024-10-31,fatigue,4
dd2e7779,anemia_02,2024-10-31,headache,5
c414503e,anemia_02,2024-10-31,cramps,5
54eecc66,anemia_02,2024-10-31,dizziness,2
13e28ae5,anemia_02,2024-11-01,fatigue,2
903bfd76,anemia_02,2024-11-01,headache,4
0dfe4719,anemia_02,2024-11-01,heavy_bleeding,3
7c9fa4ae,anemia_02,2024-11-01,dizziness,4
1068e474,anemia_02,2024-11-21,fatigue,3
b6a02c4b,anemia_02,2024-11-21,heavy_bleeding,4
cbc66c2c,anemia_02,2024-11-21,cramps,4
17f5b47c,anemia_02,2024-11-22,fatigue,3
436cbaf4,anemia_02,2024-11-22,headache,4
d2ef9b70,anemia_02,2024-11-22,heavy_bleeding,3
dd6a30c4,anemia_02,2024-11-23,fatigue,5
d58cea14,anemia_02,2024-11-23,cramps,5
772ea9f4,anemia_02,2024-11-24,fatigue,4
39c71fc9,anemia_02,2024-11-24,heavy_bleeding,3
0608eb77,anemia_02,2024-11-24,cramps,4
36a933e4,anemia_02,2024-11-25,fatigue,4
b7c8b945,anemia_02,2024-11-25,heavy_bleeding,4
c47ef672,anemia_02,2024-11-25,cramps,3
43fb0efd,anemia_02,2024-11-26,cramps,2
61047923,anemia_02,2024-11-26,dizziness,5
2be9a19d,anemia_02,2024-11-27,fatigue,3
5211842c,anemia_02,2024-11-27,cramps,3
970c40d7,anemia_02,2024-11-28,fatigue,5
e5da2a83,anemia_02,2024-11-28,headache,3
85476dc8,anemia_02,2024-11-28,heavy_bleeding,5
11bb0f10,anemia_02,2024-11-28,cramps,2
9ed48f5f,anemia_02,2024-11-28,dizziness,3
e6e18ae8,anemia_02,2024-11-29,fatigue,4
50aad1a6,anemia_02,2024-11-29,headache,5
451f3783,anemia_02,2024-11-29,heavy_bleeding,4
56f0cd9f,anemia_02,2024-11-29,dizziness,2
6203e8cc,anemia_02,2024-11-30,headache,5
a9697242,anemia_02,2024-11-30,heavy_bleeding,4
af0ff00d,anemia_02,2024-11-30,cramps,4
ab4ed287,anemia_02,2024-11-30,dizziness,4
cd4d2521,anemia_02,2024-12-17,fatigue,3
a9e2aa41,anemia_02,2024-12-17,headache,4
33b5ac25,anemia_02,2024-12-17,heavy_bleeding,4
15dc483c,anemia_02,2024-12-17,cramps,5
885a40b7,anemia_02,2024-12-18,fatigue,2
249b4253,anemia_02,2024-12-18,headache,3
3b1e8f69,anemia_02,2024-12-18,heavy_bleeding,3
f81f2627,anemia_02,2024-12-18,cramps,5
2c0e2833,anemia_02,2024-12-18,dizziness,5
3e9a02da,anemia_02,2024-12-19,fatigue,3
594479d0,anemia_02,2024-12-19,headache,3
caa12048,anemia_02,2024-12-19,heavy_bleeding,4
0f24019e,anemia_02,2024-12-20,fatigue,3
ce7567dc,anemia_02,2024-12-20,heavy_bleeding,2
753d8367,anemia_02,2024-12-21,fatigue,5
daad43d5,anemia_02,2024-12-21,headache,3
3b62b0c8,anemia_02,2024-12-21,heavy_bleeding,3
57723190,anemia_02,2024-12-21,cramps,4
b65205b0,anemia_02,2024-12-21,dizziness,2
16b268da,anemia_02,2024-12-22,fatigue,4
373b54f2,anemia_02,2024-12-22,headache,5
ee43bac1,anemia_02,2024-12-22,heavy_bleeding,3
3c6891f2,anemia_02,2024-12-23,headache,5
ec84b175,anemia_02,2024-12-23,cramps,3
7735699e,anemia_02,2024-12-24,fatigue,3
2d80c171,anemia_02,2024-12-24,heavy_bleeding,5
9b63b375,anemia_02,2024-12-24,cramps,5
9d11e6ca,anemia_02,2024-12-25,fatigue,5
ce6981b7,anemia_02,2024-12-25,headache,5
b60767f0,anemia_02,2024-12-25,heavy_bleeding,4
814f6050,anemia_02,2024-12-25,cramps,4
a23e078c,anemia_02,2024-12-26,fatigue,4
0e1a2282,anemia_02,2024-12-26,heavy_bleeding,4
bfb4116c,anemia_02,2024-12-27,fatigue,2
4c5d8bdf,anemia_02,2024-12-27,headache,2
f6a179f5,anemia_02,2024-12-27,heavy_bleeding,3
ff9cdfa5,anemia_02,2024-12-27,cramps,4
9640a7a2,anemia_02,2024-12-27,dizziness,2
99c6a828,anemia_02,2024-12-28,fatigue,3
ec052596,anemia_02,2024-12-28,headache,3
7e75058a,anemia_02,2024-12-28,heavy_bleeding,2
0df1f1d6,anemia_02,2024-12-28,cramps,2
6fa6edad,anemia_02,2024-12-28,dizziness,4
2f7295d5,anemia_02,2024-12-29,fatigue,2
de374a4b,anemia_02,2024-12-29,headache,3
7db8dd72,anemia_02,2024-12-29,heavy_bleeding,2
032d97f6,anemia_02,2024-12-29,cramps,5
9f8ca6ba,anemia_02,2024-12-29,dizziness,5
232412d6,anemia_02,2025-01-11,fatigue,2
60d82488,anemia_02,2025-01-11,heavy_bleeding,5
44251cd8,anemia_02,2025-01-11,cramps,2
6a561684,anemia_02,2025-01-12,headache,4
23ae0cec,anemia_02,2025-01-12,heavy_bleeding,3
a9a457f9,anemia_02,2025-01-12,dizziness,3
01560376,anemia_02,2025-01-13,fatigue,5
397a6173,anemia_02,2025-01-13,headache,3
db597167,anemia_02,2025-01-13,heavy_bleeding,2
69a4288f,anemia_02,2025-01-13,cramps,4
f3ba58fd,anemia_02,2025-01-14,headache,2
fe2dfab1,anemia_02,2025-01-14,heavy_bleeding,4
31880c84,anemia_02,2025-01-14,cramps,3
a232303e,anemia_02,2025-01-15,fatigue,3
d2943c30,anemia_02,2025-01-15,headache,3
906ef2f3,anemia_02,2025-01-15,heavy_bleeding,2
325320b6,anemia_02,2025-01-15,cramps,4
6f88356d,anemia_02,2025-01-16,fatigue,2
9e6257e1,anemia_02,2025-01-16,headache,4
ab258eff,anemia_02,2025-01-16,heavy_bleeding,2
3339af94,anemia_02,2025-01-17,fatigue,5
40a40bbc,anemia_02,2025-01-17,heavy_bleeding,4
402d3467,anemia_02,2025-01-17,cramps,4
12f66e16,anemia_02,2025-01-17,dizziness,2
52c9557e,anemia_02,2025-01-18,fatigue,2
2b60e04c,anemia_02,2025-01-18,heavy_bleeding,3
11389f67,anemia_02,2025-01-19,fatigue,5
a0f6bb4c,anemia_02,2025-01-19,headache,4
72b7609f,anemia_02,2025-01-19,heavy_bleeding,5
ab120ff1,anemia_02,2025-02-06,fatigue,4
02d03a0d,anemia_02,2025-02-06,heavy_bleeding,4
705bf78c,anemia_02,2025-02-06,cramps,2
ab2725f1,anemia_02,2025-02-07,fatigue,3
7e1e2d1c,anemia_02,2025-02-07,headache,3
3be4e1bd,anemia_02,2025-02-07,heavy_bleeding,4
2421af5c,anemia_02,2025-02-08,heavy_bleeding,4
3e4f2e14,anemia_02,2025-02-09,headache,5
bd1b0351,anemia_02,2025-02-09,heavy_bleeding,5
f858d3bb,anemia_02,2025-02-09,cramps,3
f721066d,anemia_02,2025-02-09,dizziness,2
9f3a27f7,anemia_02,2025-02-10,fatigue,4
b50cd306,anemia_02,2025-02-10,headache,5
c0873d37,anemia_02,2025-02-10,heavy_bleeding,3
e313264b,anemia_02,2025-02-11,fatigue,4
93f9b974,anemia_02,2025-02-11,headache,4
7f301c48,anemia_02,2025-02-11,cramps,4
cc6fb591,anemia_02,2025-02-12,fatigue,3
36eee0cd,anemia_02,2025-02-12,heavy_bleeding,5
fefd0a2a,anemia_02,2025-02-12,cramps,4
e78c4a4c,anemia_02,2025-02-13,heavy_bleeding,5
dde658fb,anemia_02,2025-02-13,cramps,2
21221844,anemia_02,2025-02-13,dizziness,5
d87b2434,anemia_02,2025-02-14,fatigue,4
bbd5b75b,anemia_02,2025-02-14,headache,5
44d5069f,anemia_02,2025-02-14,heavy_bleeding,2
18773beb,anemia_02,2025-02-15,cramps,5
71d00542,anemia_02,2025-02-16,fatigue,4
5fbc1b8c,anemia_02,2025-02-16,headache,2
96117701,anemia_02,2025-02-16,heavy_bleeding,4
19fdbf83,anemia_02,2025-02-16,cramps,5
9822ffe4,anemia_02,2025-02-16,dizziness,2
aa3280b0,anemia_02,2025-02-17,fatigue,4
9fddfedf,anemia_02,2025-02-17,headache,3
ccb2a910,anemia_02,2025-02-17,heavy_bleeding,4
e91ab7bb,anemia_02,2025-03-04,fatigue,3
33d821b1,anemia_02,2025-03-04,heavy_bleeding,5
c9a1cc9e,anemia_02,2025-03-05,fatigue,5
9ffeaa6e,anemia_02,2025-03-05,heavy_bleeding,5
4c8a635b,anemia_02,2025-03-05,cramps,5
9bd118f8,anemia_02,2025-03-06,fatigue,5
e04a741d,anemia_02,2025-03-06,heavy_bleeding,3
a82fb54c,anemia_02,2025-03-06,cramps,2
d04eda26,anemia_02,2025-03-06,dizziness,3
9cec8f88,anemia_02,2025-03-07,fatigue,3
b12dba2c,anemia_02,2025-03-07,headache,4
fe465f2e,anemia_02,2025-03-08,fatigue,2
4ce00762,anemia_02,2025-03-08,heavy_bleeding,4
31cc312d,anemia_02,2025-03-08,cramps,2
e266e58a,anemia_02,2025-03-08,dizziness,5
f2a21018,anemia_02,2025-03-09,fatigue,2
0524799a,anemia_02,2025-03-09,heavy_bleeding,5
353f8f3f,anemia_02,2025-03-09,cramps,2
c94b3fad,anemia_02,2025-03-10,fatigue,4
54f591bc,anemia_02,2025-03-10,headache,5
43b4d86a,anemia_02,2025-03-10,heavy_bleeding,3
f12fdf3d,anemia_02,2025-03-10,cramps,2
913c22db,anemia_02,2025-03-11,fatigue,5
6858336b,anemia_02,2025-03-11,headache,4
4c71c575,anemia_02,2025-03-11,heavy_bleeding,4
b6cac71c,anemia_02,2025-03-11,cramps,4
17a82a88,anemia_02,2025-03-11,dizziness,4
86f2ff55,anemia_02,2025-03-12,fatigue,2
57bdd14c,anemia_02,2025-03-13,fatigue,3
348167e8,anemia_02,2025-03-13,headache,2
53f48045,anemia_02,2025-03-13,heavy_bleeding,3
eabb3b5f,anemia_02,2025-03-13,cramps,3
20fe74cb,anemia_02,2025-03-14,fatigue,5
03d3bf8f,anemia_02,2025-03-14,headache,4
d81ecdc4,anemia_02,2025-03-14,heavy_bleeding,3
cce63d24,anemia_02,2025-03-30,fatigue,3
63a9d86b,anemia_02,2025-03-30,headache,3
bba134c1,anemia_02,2025-03-30,cramps,5
d47c2137,anemia_02,2025-03-31,fatigue,4
a5746abb,anemia_02,2025-03-31,headache,5
2bead8d9,anemia_02,2025-04-01,fatigue,2
8698c707,anemia_02,2025-04-01,heavy_bleeding,3
8127b876,anemia_02,2025-04-01,cramps,2
4d2a1c40,anemia_02,2025-04-02,fatigue,2
762a0651,anemia_02,2025-04-02,heavy_bleeding,5
b681d47a,anemia_02,2025-04-02,cramps,5
9dfb4723,anemia_02,2025-04-02,dizziness,4
5710d288,anemia_02,2025-04-03,fatigue,2
14968142,anemia_02,2025-04-03,heavy_bleeding,4
8d3522eb,anemia_02,2025-04-03,cramps,4
7c96a7ab,anemia_02,2025-04-03,dizziness,3
bc5acf5d,anemia_02,2025-04-04,fatigue,5
b4a67067,anemia_02,2025-04-04,heavy_bleeding,4
c3173f60,anemia_02,2025-04-04,dizziness,3
3d59cf6a,anemia_02,2025-04-05,fatigue,3
8ae02fc5,anemia_02,2025-04-05,headache,3
4b7cd673,anemia_02,2025-04-05,heavy_bleeding,2
1dba2814,anemia_02,2025-04-05,dizziness,4
da656711,anemia_02,2025-04-06,fatigue,3
84860b16,anemia_02,2025-04-06,heavy_bleeding,4
0ce4da9b,anemia_02,2025-04-06,cramps,2
9966abe5,anemia_02,2025-04-07,fatigue,3
769722f8,anemia_02,2025-04-07,headache,5
e554c0cf,anemia_02,2025-04-07,heavy_bleeding,2
4cf617ab,anemia_02,2025-04-07,cramps,2
08efb874,anemia_02,2025-04-07,dizziness,5
2976759a,anemia_02,2025-04-08,fatigue,4
c0aa416c,anemia_02,2025-04-08,heavy_bleeding,2
bfab6966,anemia_02,2025-04-08,cramps,3
2e00a179,anemia_02,2025-04-09,fatigue,3
0199c201,anemia_02,2025-04-09,headache,3
8d927c52,anemia_02,2025-04-09,dizziness,2
c0444ba4,anemia_02,2025-04-22,fatigue,4
ffb841e6,anemia_02,2025-04-22,heavy_bleeding,2
2e51ca33,anemia_02,2025-04-22,cramps,4
c5a9c914,anemia_02,2025-04-23,fatigue,3
2aa5292d,anemia_02,2025-04-23,headache,3
5ce120bb,anemia_02,2025-04-24,fatigue,4
1ed6fff4,anemia_02,2025-04-24,heavy_bleeding,2
1061e5e5,anemia_02,2025-04-25,fatigue,4
90378579,anemia_02,2025-04-25,heavy_bleeding,4
590ecfdc,anemia_02,2025-04-25,dizziness,5
e0efb6ef,anemia_02,2025-04-26,fatigue,5
2998c37d,anemia_02,2025-04-26,heavy_bleeding,3
a4fe3ffd,anemia_02,2025-04-27,fatigue,4
91c59233,anemia_02,2025-04-27,headache,2
59ffc3ca,anemia_02,2025-04-27,heavy_bleeding,2
5c4d21d8,anemia_02,2025-04-28,fatigue,5
c3a8bbc5,anemia_02,2025-04-28,headache,3
bf887663,anemia_02,2025-04-28,cramps,4
239cb341,anemia_02,2025-04-29,fatigue,3
d71a7775,anemia_02,2025-04-29,headache,2
8765be5b,anemia_02,2025-04-29,cramps,4
25908f4b,anemia_02,2025-04-29,dizziness,5
c67c6beb,anemia_02,2025-04-30,fatigue,5
f0a2ca7b,anemia_02,2025-04-30,headache,4
772abbe6,anemia_02,2025-04-30,heavy_bleeding,5
53aaa861,anemia_02,2025-04-30,cramps,5
3e90169b,anemia_02,2025-05-01,headache,2
9b67ce62,anemia_02,2025-05-01,heavy_bleeding,2
137ac9a8,anemia_02,2025-05-02,heavy_bleeding,2
30b6489d,anemia_02,2025-05-02,dizziness,5
652d8241,anemia_02,2025-05-03,fatigue,5
f5d192ac,anemia_02,2025-05-03,headache,3
e6113ebc,anemia_02,2025-05-03,heavy_bleeding,2
101179e1,anemia_02,2025-05-03,cramps,5
4baa1230,anemia_02,2025-05-03,dizziness,4
ecebf846,anemia_02,2025-05-14,fatigue,2
52ca98d7,anemia_02,2025-05-14,heavy_bleeding,4
f081f544,anemia_02,2025-05-14,cramps,4
76e24e10,anemia_02,2025-05-15,fatigue,3
30f2f619,anemia_02,2025-05-15,heavy_bleeding,2
13f8b49c,anemia_02,2025-05-15,cramps,5
a79ba6be,anemia_02,2025-05-16,fatigue,3
4a199d1f,anemia_02,2025-05-16,headache,4
70e83f28,anemia_02,2025-05-16,heavy_bleeding,2
062142c9,anemia_02,2025-05-16,cramps,4
615d71ce,anemia_02,2025-05-16,dizziness,5
84e381cd,anemia_02,2025-05-17,fatigue,5
02f3d3ce,anemia_02,2025-05-17,heavy_bleeding,2
bdc0458b,anemia_02,2025-05-18,fatigue,2
69d5541e,anemia_02,2025-05-18,headache,3
c7c86704,anemia_02,2025-05-18,heavy_bleeding,2
37e2fd0c,anemia_02,2025-05-18,cramps,3
6c022596,anemia_02,2025-05-19,fatigue,3
ce171a77,anemia_02,2025-05-19,headache,5
975bb979,anemia_02,2025-05-19,heavy_bleeding,2
27eecb59,anemia_02,2025-05-20,fatigue,4
a45ad777,anemia_02,2025-05-20,headache,2
72c69c94,anemia_02,2025-05-20,heavy_bleeding,5
c5ef642d,anemia_02,2025-05-20,cramps,4
c52bc318,anemia_02,2025-05-21,fatigue,2
c18bd3ea,anemia_02,2025-05-21,headache,2
c5a9936c,anemia_02,2025-05-22,headache,4
c52df3c3,anemia_02,2025-05-22,heavy_bleeding,5
4753d7c9,anemia_02,2025-05-23,fatigue,5
9341f5b3,anemia_02,2025-05-23,headache,5
acaa50e5,anemia_02,2025-05-23,heavy_bleeding,3
866d2593,anemia_02,2025-05-24,fatigue,4
fee93eaa,anemia_02,2025-05-24,headache,2
05269d2d,anemia_02,2025-05-24,heavy_bleeding,4
d18a5bbe,anemia_02,2025-05-24,dizziness,2
e84f4983,anemia_02,2025-06-07,fatigue,2
0520f129,anemia_02,2025-06-07,headache,3
b336234d,anemia_02,2025-06-07,cramps,4
c7da67aa,anemia_02,2025-06-08,fatigue,4
51e8653a,anemia_02,2025-06-08,heavy_bleeding,2
f74cb37c,anemia_02,2025-06-08,cramps,4
6b6b71b8,anemia_02,2025-06-09,fatigue,2
b00f4d5f,anemia_02,2025-06-09,heavy_bleeding,4
dfb04412,anemia_02,2025-06-09,cramps,3
de6bb4fb,anemia_02,2025-06-09,dizziness,5
c6ce018c,anemia_02,2025-06-10,fatigue,2
5259cf4a,anemia_02,2025-06-10,heavy_bleeding,3
418f690c,anemia_02,2025-06-10,cramps,5
ba74641d,anemia_02,2025-06-11,headache,5
ac07f0d4,anemia_02,2025-06-11,heavy_bleeding,5
2f69b2f8,anemia_02,2025-06-12,fatigue,4
27748ea3,anemia_02,2025-06-13,fatigue,2
42481ccc,anemia_02,2025-06-13,heavy_bleeding,5
d4ee8855,anemia_02,2025-06-13,cramps,5
82a36dca,anemia_02,2025-06-13,dizziness,3
377ec555,anemia_02,2025-06-14,fatigue,2
f582ee94,anemia_02,2025-06-14,headache,5
6feb2a96,anemia_02,2025-06-14,heavy_bleeding,3
410de866,anemia_02,2025-06-15,fatigue,2
69d2e4f8,anemia_02,2025-06-15,headache,5
e82ad9b6,anemia_02,2025-06-15,heavy_bleeding,3
e05ca2c8,anemia_02,2025-06-16,fatigue,4
57fc2749,anemia_02,2025-06-16,heavy_bleeding,2
f33d4c6a,anemia_02,2025-06-16,cramps,2
e7b3bc4f,anemia_02,2025-06-16,dizziness,5
64d0c392,anemia_02,2025-06-17,fatigue,2
d47f3bda,anemia_02,2025-06-17,headache,5
b4a86a89,anemia_02,2025-06-17,heavy_bleeding,5
ad97f8e0,anemia_02,2025-06-17,cramps,3
c53c4936,anemia_02,2025-06-18,fatigue,3
3f8cb582,anemia_02,2025-06-18,cramps,3
42cb5479,anemia_02,2025-07-08,fatigue,4
dd0c9523,anemia_02,2025-07-08,headache,3
dbd36631,anemia_02,2025-07-08,heavy_bleeding,2
cbe211c4,anemia_02,2025-07-08,cramps,2
dae72c84,anemia_02,2025-07-08,dizziness,5
79e0d48d,anemia_02,2025-07-09,fatigue,2
da50ede8,anemia_02,2025-07-09,heavy_bleeding,4
8d4b97c9,anemia_02,2025-07-10,headache,4
4f7f1898,anemia_02,2025-07-10,heavy_bleeding,5
f09c5dff,anemia_02,2025-07-10,cramps,5
812807d9,anemia_02,2025-07-10,dizziness,5
7389adb6,anemia_02,2025-07-11,fatigue,4
7a123043,anemia_02,2025-07-11,heavy_bleeding,4
878dde99,anemia_02,2025-07-11,cramps,5
f2fa18a4,anemia_02,2025-07-11,dizziness,3
fb67ecea,anemia_02,2025-07-12,fatigue,4
a0fca7a3,anemia_02,2025-07-12,heavy_bleeding,3
0a1e9c0c,anemia_02,2025-07-12,dizziness,5
a5f43e0a,anemia_02,2025-07-13,fatigue,2
cc4ac8c2,anemia_02,2025-07-13,cramps,2
ff2901cd,anemia_02,2025-07-14,fatigue,2
56162a78,anemia_02,2025-07-14,headache,5
d627b6ab,anemia_02,2025-07-14,heavy_bleeding,3
e0a23241,anemia_02,2025-07-15,fatigue,4
45787990,anemia_02,2025-07-15,headache,4
8542314b,anemia_02,2025-07-15,heavy_bleeding,5
bcc496a4,anemia_02,2025-07-16,fatigue,5
2ffa859e,anemia_02,2025-07-16,cramps,3
4534035d,anemia_02,2025-07-17,fatigue,2
bbc333bd,anemia_02,2025-07-17,heavy_bleeding,5
042c1bdb,anemia_02,2025-07-17,cramps,2
60694299,anemia_02,2025-07-17,dizziness,5
5e5ec0a1,anemia_02,2025-07-18,fatigue,5
48a2730f,anemia_02,2025-07-18,headache,4
2f423860,anemia_02,2025-07-18,heavy_bleeding,4
9b7357de,anemia_02,2025-07-18,cramps,3
5f621138,anemia_02,2025-08-01,fatigue,3
15e161c6,anemia_02,2025-08-01,headache,4
eb56aab2,anemia_02,2025-08-01,heavy_bleeding,4
43fdb33d,anemia_02,2025-08-01,cramps,4
b90ce4b0,anemia_02,2025-08-02,fatigue,3
eb15e44a,anemia_02,2025-08-02,headache,2
b981db53,anemia_02,2025-08-02,cramps,3
cdda4b7a,anemia_02,2025-08-03,cramps,5
8da652a3,anemia_02,2025-08-03,dizziness,5
b64a1710,anemia_02,2025-08-04,fatigue,5
9eaf1434,anemia_02,2025-08-04,heavy_bleeding,4
b75b3400,anemia_02,2025-08-04,cramps,3
c190ca37,anemia_02,2025-08-05,heavy_bleeding,4
ad146638,anemia_02,2025-08-05,dizziness,5
d6cfe26f,anemia_02,2025-08-06,fatigue,3
765d1457,anemia_02,2025-08-06,headache,2
cc229164,anemia_02,2025-08-06,heavy_bleeding,3
2b4d11ba,anemia_02,2025-08-07,fatigue,4
05b0af8d,anemia_02,2025-08-07,headache,3
86759721,anemia_02,2025-08-07,dizziness,2
7b2c6be9,anemia_02,2025-08-08,fatigue,5
96471f01,anemia_02,2025-08-08,headache,3
f76a7b71,anemia_02,2025-08-08,heavy_bleeding,4
b4ab1371,anemia_02,2025-08-08,dizziness,4
1e6efd9a,anemia_02,2025-08-09,fatigue,4
58b14259,anemia_02,2025-08-09,headache,3
41bdc861,anemia_02,2025-08-09,heavy_bleeding,3
afc45e91,anemia_02,2025-08-09,cramps,2
7c92bafe,anemia_02,2025-08-09,dizziness,3
065514c0,anemia_03,2024-01-01,fatigue,4
4b20a119,anemia_03,2024-01-01,heavy_bleeding,5
b7796677,anemia_03,2024-01-01,cramps,3
4d1cf0ba,anemia_03,2024-01-01,dizziness,3
aa6af11b,anemia_03,2024-01-02,fatigue,5
af45968b,anemia_03,2024-01-02,headache,4
95f40a86,anemia_03,2024-01-02,heavy_bleeding,3
02d25c4e,anemia_03,2024-01-02,cramps,2
f07dfcb5,anemia_03,2024-01-02,dizziness,3
7d95a92f,anemia_03,2024-01-03,fatigue,4
37cf3715,anemia_03,2024-01-03,headache,2
5801af8b,anemia_03,2024-01-03,heavy_bleeding,5
ee5ea025,anemia_03,2024-01-03,dizziness,2
0bb12a11,anemia_03,2024-01-04,fatigue,3
a1ea1443,anemia_03,2024-01-04,heavy_bleeding,2
d3c49220,anemia_03,2024-01-04,cramps,4
cb916379,anemia_03,2024-01-05,fatigue,4
0316e0f6,anemia_03,2024-01-05,heavy_bleeding,5
ce2ca919,anemia_03,2024-01-05,dizziness,3
e654f8c3,anemia_03,2024-01-06,fatigue,2
4afdbf4d,anemia_03,2024-01-06,headache,2
1ea7c61f,anemia_03,2024-01-06,heavy_bleeding,2
0dc5ea18,anemia_03,2024-01-06,cramps,3
06f134e7,anemia_03,2024-01-07,fatigue,3
8cf990d7,anemia_03,2024-01-07,headache,4
61d6a703,anemia_03,2024-01-07,cramps,4
caf253de,anemia_03,2024-01-08,fatigue,4
becf7b2f,anemia_03,2024-01-08,headache,5
11ae1aa2,anemia_03,2024-01-08,heavy_bleeding,4
b3e9eeaa,anemia_03,2024-01-08,cramps,2
3db43603,anemia_03,2024-01-09,fatigue,5
5d357250,anemia_03,2024-01-09,headache,5
31ee9e11,anemia_03,2024-01-09,heavy_bleeding,5
fae72d78,anemia_03,2024-01-28,fatigue,2
e7384229,anemia_03,2024-01-28,heavy_bleeding,4
da0be6d8,anemia_03,2024-01-28,cramps,2
1ced0f9b,anemia_03,2024-01-29,fatigue,3
2cc40ed0,anemia_03,2024-01-29,heavy_bleeding,2
efebb00b,anemia_03,2024-01-29,cramps,5
25a51eac,anemia_03,2024-01-30,fatigue,5
5b17a7fb,anemia_03,2024-01-30,heavy_bleeding,3
75bc40b1,anemia_03,2024-01-31,fatigue,3
9ae33f8f,anemia_03,2024-01-31,heavy_bleeding,3
32576a9c,anemia_03,2024-02-01,fatigue,4
afe11e41,anemia_03,2024-02-01,heavy_bleeding,2
83721f03,anemia_03,2024-02-02,fatigue,5
b7e0078e,anemia_03,2024-02-02,heavy_bleeding,4
89b3ddee,anemia_03,2024-02-02,cramps,3
dbf524b2,anemia_03,2024-02-03,fatigue,4
9db58833,anemia_03,2024-02-03,heavy_bleeding,5
ba824b2e,anemia_03,2024-02-03,cramps,2
0e9ab510,anemia_03,2024-02-03,dizziness,4
e052b736,anemia_03,2024-02-04,fatigue,3
815a88eb,anemia_03,2024-02-04,heavy_bleeding,5
6dc8ebb1,anemia_03,2024-02-04,dizziness,4
d258bb3b,anemia_03,2024-02-05,fatigue,2
e739dae2,anemia_03,2024-02-05,headache,3
b15ee12e,anemia_03,2024-02-05,heavy_bleeding,3
18f411ba,anemia_03,2024-02-05,cramps,3
e5255c95,anemia_03,2024-02-06,fatigue,2
9ab33a44,anemia_03,2024-02-06,headache,3
723c06d8,anemia_03,2024-02-06,heavy_bleeding,4
60b1d129,anemia_03,2024-02-06,cramps,5
330f4cb1,anemia_03,2024-02-07,fatigue,2
075aa992,anemia_03,2024-02-07,heavy_bleeding,5
646ac6d3,anemia_03,2024-02-07,cramps,2
47d27429,anemia_03,2024-02-21,fatigue,3
48777c76,anemia_03,2024-02-21,headache,2
66ac721b,anemia_03,2024-02-21,heavy_bleeding,4
8680b088,anemia_03,2024-02-21,cramps,3
c64174be,anemia_03,2024-02-22,fatigue,3
24d6d214,anemia_03,2024-02-22,headache,3
e9af8f7f,anemia_03,2024-02-22,heavy_bleeding,5
2d11fea9,anemia_03,2024-02-23,fatigue,3
fbbc5b30,anemia_03,2024-02-23,headache,4
470168fa,anemia_03,2024-02-23,heavy_bleeding,3
37baab24,anemia_03,2024-02-23,cramps,5
8eceae8f,anemia_03,2024-02-23,dizziness,3
4e8633b2,anemia_03,2024-02-24,fatigue,4
f4f8b54a,anemia_03,2024-02-24,headache,4
e35882fb,anemia_03,2024-02-24,heavy_bleeding,2
17f81a2c,anemia_03,2024-02-24,cramps,2
e7ae732d,anemia_03,2024-02-25,fatigue,2
d08aa047,anemia_03,2024-02-25,headache,5
667cee41,anemia_03,2024-02-25,heavy_bleeding,3
caa987d1,anemia_03,2024-02-25,cramps,2
8f0aa607,anemia_03,2024-02-26,fatigue,4
b83e9db5,anemia_03,2024-02-26,heavy_bleeding,4
7d70b465,anemia_03,2024-02-27,fatigue,2
83644b6c,anemia_03,2024-02-27,headache,2
3ad149e4,anemia_03,2024-02-27,cramps,3
36f8429d,anemia_03,2024-02-28,fatigue,3
da07ef9a,anemia_03,2024-02-28,headache,2
c5fb6aae,anemia_03,2024-02-28,heavy_bleeding,4
ff38bf89,anemia_03,2024-02-28,cramps,3
f242b6ea,anemia_03,2024-02-29,fatigue,5
05adf19c,anemia_03,2024-02-29,headache,4
56c87b20,anemia_03,2024-02-29,cramps,3
0c532b6a,anemia_03,2024-03-01,fatigue,4
c65baa6c,anemia_03,2024-03-01,heavy_bleeding,4
f6cc5b37,anemia_03,2024-03-02,fatigue,4
3dd3c93d,anemia_03,2024-03-02,heavy_bleeding,5
9172e035,anemia_03,2024-03-02,cramps,2
ae4bcebf,anemia_03,2024-03-19,fatigue,4
66ac9060,anemia_03,2024-03-19,heavy_bleeding,4
e8bd0523,anemia_03,2024-03-19,cramps,2
93e458ad,anemia_03,2024-03-20,fatigue,3
9828b995,anemia_03,2024-03-20,headache,3
9ba0d812,anemia_03,2024-03-20,heavy_bleeding,3
983b280a,anemia_03,2024-03-20,cramps,3
d76c4262,anemia_03,2024-03-21,fatigue,4
517351f8,anemia_03,2024-03-21,headache,3
4968b204,anemia_03,2024-03-21,heavy_bleeding,4
c4cbcb1e,anemia_03,2024-03-21,cramps,2
426180f3,anemia_03,2024-03-21,dizziness,4
c9ddf99d,anemia_03,2024-03-22,fatigue,5
ae6a5b8b,anemia_03,2024-03-22,headache,5
2d342381,anemia_03,2024-03-22,heavy_bleeding,4
4263832d,anemia_03,2024-03-23,fatigue,2
645c291e,anemia_03,2024-03-23,headache,5
7b68489f,anemia_03,2024-03-23,heavy_bleeding,2
e5858910,anemia_03,2024-03-23,cramps,3
9995606e,anemia_03,2024-03-23,dizziness,2
98249134,anemia_03,2024-03-24,fatigue,3
555ba0b3,anemia_03,2024-03-24,headache,4
b16f7118,anemia_03,2024-03-24,heavy_bleeding,3
c5e0c35b,anemia_03,2024-03-24,dizziness,3
1976ae97,anemia_03,2024-03-25,heavy_bleeding,4
6428bf0b,anemia_03,2024-03-25,cramps,5
b094720a,anemia_03,2024-03-25,dizziness,4
b9eb0a8d,anemia_03,2024-03-26,fatigue,5
0c8da33d,anemia_03,2024-03-26,heavy_bleeding,2
cb2bc2ac,anemia_03,2024-03-26,cramps,4
33ecb966,anemia_03,2024-03-27,fatigue,4
78eb8a57,anemia_03,2024-03-27,headache,4
f154241d,anemia_03,2024-03-27,heavy_bleeding,5
cd61d690,anemia_03,2024-03-27,cramps,5
37ef94bb,anemia_03,2024-03-28,fatigue,2
689844fe,anemia_03,2024-03-28,heavy_bleeding,2
35fde919,anemia_03,2024-03-28,dizziness,5
c05d6c86,anemia_03,2024-03-29,headache,5
bc04b23c,anemia_03,2024-03-29,cramps,5
b7a3c6d6,anemia_03,2024-03-29,dizziness,2
01b792a1,anemia_03,2024-04-17,fatigue,5
f3d43570,anemia_03,2024-04-17,headache,2
20384241,anemia_03,2024-04-17,cramps,2
12a4854e,anemia_03,2024-04-17,dizziness,2
769450f1,anemia_03,2024-04-18,fatigue,5
86c323c1,anemia_03,2024-04-18,heavy_bleeding,4
b430a882,anemia_03,2024-04-18,dizziness,3
3f93b4b4,anemia_03,2024-04-19,fatigue,5
88de580d,anemia_03,2024-04-20,heavy_bleeding,5
11ccf50a,anemia_03,2024-04-20,cramps,5
5d94e012,anemia_03,2024-04-20,dizziness,2
1cbfab58,anemia_03,2024-04-21,fatigue,4
a6cdfaa4,anemia_03,2024-04-21,headache,4
12b1f3e4,anemia_03,2024-04-21,heavy_bleeding,5
420029ef,anemia_03,2024-04-21,cramps,2
84d79e6f,anemia_03,2024-04-22,fatigue,5
7558c32b,anemia_03,2024-04-22,heavy_bleeding,2
f89c4886,anemia_03,2024-04-22,cramps,3
9a0fb0ea,anemia_03,2024-04-23,fatigue,2
243ad37d,anemia_03,2024-04-23,headache,5
b7d9b088,anemia_03,2024-04-23,heavy_bleeding,4
fc745e73,anemia_03,2024-04-23,dizziness,2
7b1c4bfa,anemia_03,2024-04-24,fatigue,5
b2a0f0da,anemia_03,2024-04-24,headache,4
fec19e74,anemia_03,2024-04-24,heavy_bleeding,4
86f79c55,anemia_03,2024-04-25,fatigue,4
8118606b,anemia_03,2024-04-25,headache,3
689480c0,anemia_03,2024-04-25,heavy_bleeding,4
7d742add,anemia_03,2024-04-25,cramps,5
d62f8074,anemia_03,2024-04-25,dizziness,4
af961660,anemia_03,2024-04-26,fatigue,5
40759d27,anemia_03,2024-04-26,heavy_bleeding,2
144ef49d,anemia_03,2024-04-26,cramps,4
937aeaf0,anemia_03,2024-04-26,dizziness,2
0d3f4f2a,anemia_03,2024-04-27,fatigue,4
1bb0b8d2,anemia_03,2024-04-27,headache,2
a80ad17c,anemia_03,2024-04-27,heavy_bleeding,4
bc62f216,anemia_03,2024-04-27,cramps,5
e84196df,anemia_03,2024-04-27,dizziness,2
b5f5fb94,anemia_03,2024-05-18,headache,5
61660721,anemia_03,2024-05-18,heavy_bleeding,2
b81b68a8,anemia_03,2024-05-18,cramps,5
39aff71f,anemia_03,2024-05-18,dizziness,5
795bce07,anemia_03,2024-05-19,fatigue,3
4aa955c7,anemia_03,2024-05-19,headache,4
3c1df8b6,anemia_03,2024-05-19,heavy_bleeding,4
a8d7beb4,anemia_03,2024-05-19,cramps,3
3d7caaee,anemia_03,2024-05-20,fatigue,5
87c0b0fc,anemia_03,2024-05-20,heavy_bleeding,3
e9e1faea,anemia_03,2024-05-20,dizziness,5
1fca3da7,anemia_03,2024-05-21,fatigue,5
371009a6,anemia_03,2024-05-21,headache,4
a0f03628,anemia_03,2024-05-21,cramps,4
fffbceb5,anemia_03,2024-05-22,fatigue,3
0e0982dc,anemia_03,2024-05-22,heavy_bleeding,2
69e40a9d,anemia_03,2024-05-23,fatigue,3
8df94f3d,anemia_03,2024-05-23,headache,2
83394614,anemia_03,2024-05-23,heavy_bleeding,5
a8cad9d9,anemia_03,2024-05-23,cramps,4
0e7581ec,anemia_03,2024-05-23,dizziness,5
244f58ab,anemia_03,2024-05-24,fatigue,2
6cdac2f1,anemia_03,2024-05-24,headache,3
48c4a128,anemia_03,2024-05-24,heavy_bleeding,4
b6431e4d,anemia_03,2024-05-24,cramps,3
9c889ff8,anemia_03,2024-05-24,dizziness,2
2100eec6,anemia_03,2024-05-25,fatigue,2
c3e4ec7d,anemia_03,2024-05-25,headache,2
9d4b0cfb,anemia_03,2024-05-25,heavy_bleeding,5
c4b16d47,anemia_03,2024-05-26,fatigue,2
2b140144,anemia_03,2024-05-26,headache,3
66ab38e5,anemia_03,2024-05-26,cramps,5
31cb5a7e,anemia_03,2024-05-26,dizziness,5
7d3f710d,anemia_03,2024-05-27,fatigue,4
cd68e045,anemia_03,2024-05-27,headache,4
9fb72a8f,anemia_03,2024-05-27,heavy_bleeding,5
9bc71336,anemia_03,2024-05-27,cramps,2
294e18bc,anemia_03,2024-05-28,fatigue,2
d1bb79ca,anemia_03,2024-05-28,headache,5
777e024f,anemia_03,2024-05-28,heavy_bleeding,3
9a13f7c3,anemia_03,2024-05-28,dizziness,5
ae0cc321,anemia_03,2024-05-29,fatigue,4
6fd2ca16,anemia_03,2024-05-29,headache,2
3752b680,anemia_03,2024-05-29,heavy_bleeding,3
83798e02,anemia_03,2024-05-29,cramps,4
98904cdf,anemia_03,2024-05-30,headache,5
643d9ec9,anemia_03,2024-05-30,heavy_bleeding,5
4092e0f8,anemia_03,2024-05-30,cramps,4
3878082c,anemia_03,2024-05-30,dizziness,5
d385ff62,anemia_03,2024-06-14,headache,3
29fcb877,anemia_03,2024-06-14,heavy_bleeding,2
c623849b,anemia_03,2024-06-14,cramps,2
0b5befc7,anemia_03,2024-06-14,dizziness,4
415bb3dd,anemia_03,2024-06-15,fatigue,3
c9ce19c3,anemia_03,2024-06-15,headache,2
01b3c159,anemia_03,2024-06-15,heavy_bleeding,2
dbc91124,anemia_03,2024-06-16,fatigue,2
cefb1726,anemia_03,2024-06-16,heavy_bleeding,2
cf875417,anemia_03,2024-06-17,fatigue,5
d029fbce,anemia_03,2024-06-17,headache,4
8de80245,anemia_03,2024-06-17,heavy_bleeding,2
f3aa7728,anemia_03,2024-06-17,cramps,3
90a9a527,anemia_03,2024-06-17,dizziness,2
b86c4577,anemia_03,2024-06-18,fatigue,5
7e52c702,anemia_03,2024-06-18,heavy_bleeding,4
824b0812,anemia_03,2024-06-18,cramps,3
81c37c3a,anemia_03,2024-06-19,fatigue,5
14e9cbea,anemia_03,2024-06-19,heavy_bleeding,2
f0676677,anemia_03,2024-06-19,cramps,2
803add80,anemia_03,2024-06-19,dizziness,2
eb544af6,anemia_03,2024-06-20,headache,3
fa20f415,anemia_03,2024-06-20,heavy_bleeding,5
b0241b6b,anemia_03,2024-06-21,fatigue,5
0c4d0a3e,anemia_03,2024-06-21,headache,4
f8c5cca5,anemia_03,2024-06-21,cramps,2
26c5f425,anemia_03,2024-06-21,dizziness,2
2342b479,anemia_03,2024-06-22,fatigue,4
cb80fd89,anemia_03,2024-06-22,cramps,3
9f7ff0ed,anemia_03,2024-06-23,fatigue,5
592c100d,anemia_03,2024-06-23,headache,4
672734e7,anemia_03,2024-06-23,heavy_bleeding,3
25cc7df9,anemia_03,2024-06-23,dizziness,5
79083045,anemia_03,2024-06-24,fatigue,4
c3c74b0c,anemia_03,2024-06-24,heavy_bleeding,5
1e1b009d,anemia_03,2024-06-24,cramps,5
7425a843,anemia_03,2024-06-24,dizziness,5
3f885584,anemia_03,2024-06-25,fatigue,4
0a5172c6,anemia_03,2024-06-25,heavy_bleeding,2
a5d64894,anemia_03,2024-06-25,cramps,5
2d4430f2,anemia_03,2024-06-26,fatigue,3
7fc5af20,anemia_03,2024-06-26,headache,4
6b1bd393,anemia_03,2024-06-26,heavy_bleeding,3
990ad58f,anemia_03,2024-06-26,cramps,3
9091da3b,anemia_03,2024-07-11,fatigue,2
e9b1c7dc,anemia_03,2024-07-11,heavy_bleeding,5
22c0f768,anemia_03,2024-07-11,cramps,3
6b3f43a4,anemia_03,2024-07-11,dizziness,4
ea6c85ac,anemia_03,2024-07-12,fatigue,2
88ba3860,anemia_03,2024-07-12,headache,5
f0bd2dd2,anemia_03,2024-07-12,heavy_bleeding,3
5511fcb3,anemia_03,2024-07-13,fatigue,4
193dadb7,anemia_03,2024-07-13,headache,3
2cc95110,anemia_03,2024-07-13,heavy_bleeding,4
d6d68dd1,anemia_03,2024-07-14,fatigue,2
f3f67020,anemia_03,2024-07-14,heavy_bleeding,4
cf27a316,anemia_03,2024-07-14,cramps,2
513b3e3f,anemia_03,2024-07-14,dizziness,5
f3e209f6,anemia_03,2024-07-15,fatigue,4
8c21eebb,anemia_03,2024-07-15,headache,4
0e682e60,anemia_03,2024-07-15,heavy_bleeding,4
2657679c,anemia_03,2024-07-15,cramps,2
a2426037,anemia_03,2024-07-16,fatigue,2
ff18ca2c,anemia_03,2024-07-16,headache,3
69909122,anemia_03,2024-07-16,heavy_bleeding,2
33ce9362,anemia_03,2024-07-16,cramps,2
45832012,anemia_03,2024-07-16,dizziness,2
839186da,anemia_03,2024-07-17,fatigue,2
103c6792,anemia_03,2024-07-17,headache,4
b7945e4b,anemia_03,2024-07-17,heavy_bleeding,3
1315e6d1,anemia_03,2024-07-17,cramps,2
1ddd7ccc,anemia_03,2024-07-17,dizziness,2
7d76db4b,anemia_03,2024-07-18,fatigue,2
0c99e51b,anemia_03,2024-07-18,cramps,3
20dc6f0d,anemia_03,2024-07-18,dizziness,5
9b9ba978,anemia_03,2024-07-19,fatigue,2
d5fc3851,anemia_03,2024-07-20,fatigue,5
da96ec55,anemia_03,2024-07-20,heavy_bleeding,3
292a0747,anemia_03,2024-07-20,dizziness,4
f682798a,anemia_03,2024-07-21,dizziness,2
ed4131cb,anemia_03,2024-08-11,fatigue,3
70439517,anemia_03,2024-08-11,headache,3
a9a42394,anemia_03,2024-08-11,heavy_bleeding,4
ec5152ad,anemia_03,2024-08-12,fatigue,4
d6800baa,anemia_03,2024-08-12,heavy_bleeding,4
0aabde65,anemia_03,2024-08-12,cramps,3
b1c70e7d,anemia_03,2024-08-12,dizziness,3
e4ea5326,anemia_03,2024-08-13,fatigue,3
f00ca57b,anemia_03,2024-08-13,headache,4
f6b1776c,anemia_03,2024-08-13,heavy_bleeding,4
c5869b49,anemia_03,2024-08-13,cramps,4
c5542e1d,anemia_03,2024-08-14,headache,5
b45e929e,anemia_03,2024-08-14,heavy_bleeding,5
699d9b47,anemia_03,2024-08-15,fatigue,3
266259c4,anemia_03,2024-08-15,headache,4
1246a731,anemia_03,2024-08-15,cramps,5
7037893c,anemia_03,2024-08-15,dizziness,2
88923281,anemia_03,2024-08-16,fatigue,4
1454015a,anemia_03,2024-08-16,headache,5
b5d86468,anemia_03,2024-08-16,heavy_bleeding,4
ff513153,anemia_03,2024-08-16,cramps,3
87ba72b1,anemia_03,2024-08-17,fatigue,2
ca468929,anemia_03,2024-08-17,headache,3
93327fc6,anemia_03,2024-08-18,fatigue,5
91efcf8e,anemia_03,2024-08-18,headache,2
9282498f,anemia_03,2024-08-18,cramps,3
8fcdf947,anemia_03,2024-08-19,fatigue,4
6ee9bb9d,anemia_03,2024-08-19,headache,4
4c65e49c,anemia_03,2024-08-19,heavy_bleeding,2
5c1da774,anemia_03,2024-08-19,cramps,2
2e236f2e,anemia_03,2024-08-20,fatigue,3
fd00cf27,anemia_03,2024-08-20,heavy_bleeding,2
de664cb7,anemia_03,2024-08-20,cramps,4
a14efce5,anemia_03,2024-08-20,dizziness,4
d26f03c2,anemia_03,2024-08-21,fatigue,5
421b438b,anemia_03,2024-08-21,headache,4
5d3f2d6d,anemia_03,2024-08-21,heavy_bleeding,2
c4c6cd87,anemia_03,2024-08-21,cramps,2
67f4f16d,anemia_03,2024-08-22,fatigue,5
82787a79,anemia_03,2024-08-22,heavy_bleeding,5
477ca73b,anemia_03,2024-09-07,fatigue,3
3081e573,anemia_03,2024-09-07,headache,3
9395459e,anemia_03,2024-09-07,heavy_bleeding,3
a6526f65,anemia_03,2024-09-07,dizziness,3
b1697535,anemia_03,2024-09-08,fatigue,4
6e84e890,anemia_03,2024-09-08,heavy_bleeding,5
f4d19d5b,anemia_03,2024-09-09,fatigue,2
ba801c47,anemia_03,2024-09-09,headache,3
5b8234ad,anemia_03,2024-09-09,cramps,5
ebee982d,anemia_03,2024-09-10,fatigue,2
d3164fea,anemia_03,2024-09-10,headache,4
af33b8d3,anemia_03,2024-09-10,heavy_bleeding,2
5ae8bef6,anemia_03,2024-09-10,cramps,5
2ad35681,anemia_03,2024-09-11,fatigue,4
7f988f5e,anemia_03,2024-09-11,headache,4
244d2b8d,anemia_03,2024-09-11,heavy_bleeding,4
d1458795,anemia_03,2024-09-11,cramps,4
f0efdefe,anemia_03,2024-09-12,fatigue,2
d0683e24,anemia_03,2024-09-12,heavy_bleeding,3
111d8639,anemia_03,2024-09-12,dizziness,5
9427ca05,anemia_03,2024-09-13,fatigue,5
87df8cd7,anemia_03,2024-09-14,fatigue,5
639fed44,anemia_03,2024-09-14,heavy_bleeding,5
d2c8225b,anemia_03,2024-09-14,dizziness,2
ab930c7b,anemia_03,2024-09-15,fatigue,2
b3d34433,anemia_03,2024-09-15,headache,2
3380e12f,anemia_03,2024-09-15,heavy_bleeding,3
9064f8e1,anemia_03,2024-09-15,cramps,3
c538c260,anemia_03,2024-09-16,fatigue,3
120d52a8,anemia_03,2024-09-16,headache,2
6c0570f5,anemia_03,2024-09-16,heavy_bleeding,5
74ae485a,anemia_03,2024-09-16,cramps,5
151982e6,anemia_03,2024-10-04,headache,4
437bb032,anemia_03,2024-10-04,heavy_bleeding,3
ea0466fe,anemia_03,2024-10-04,dizziness,4
593502b2,anemia_03,2024-10-05,fatigue,5
a7ded4f2,anemia_03,2024-10-05,headache,3
f60e0339,anemia_03,2024-10-05,heavy_bleeding,4
b1820aa1,anemia_03,2024-10-05,cramps,4
54507c10,anemia_03,2024-10-05,dizziness,2
b3a1ab09,anemia_03,2024-10-06,fatigue,4
cd1793e3,anemia_03,2024-10-06,headache,2
75a15efb,anemia_03,2024-10-06,cramps,4
e198c7a6,anemia_03,2024-10-07,fatigue,5
430d81ca,anemia_03,2024-10-07,headache,3
bd9b0f73,anemia_03,2024-10-07,heavy_bleeding,5
c226d25b,anemia_03,2024-10-08,fatigue,4
259b8aa0,anemia_03,2024-10-08,headache,2
b04fc70d,anemia_03,2024-10-08,heavy_bleeding,4
c4e020fb,anemia_03,2024-10-08,cramps,3
20dd5087,anemia_03,2024-10-08,dizziness,4
0856e6c0,anemia_03,2024-10-09,fatigue,5
fb018310,anemia_03,2024-10-09,headache,5
3ba93e1f,anemia_03,2024-10-09,heavy_bleeding,3
8adf76ec,anemia_03,2024-10-09,dizziness,4
b15968a1,anemia_03,2024-10-10,fatigue,2
04995e64,anemia_03,2024-10-10,headache,4
4a916622,anemia_03,2024-10-10,heavy_bleeding,2
1c4d414c,anemia_03,2024-10-11,fatigue,5
b45689ad,anemia_03,2024-10-11,heavy_bleeding,5
0494d608,anemia_03,2024-10-12,fatigue,5
b1351217,anemia_03,2024-10-12,headache,5
2180df5a,anemia_03,2024-10-12,heavy_bleeding,2
2a226653,anemia_03,2024-10-13,fatigue,4
82150893,anemia_03,2024-10-13,heavy_bleeding,3
5229d66e,anemia_03,2024-10-13,dizziness,4
adfa1c2e,anemia_03,2024-10-14,fatigue,3
b6aac0d4,anemia_03,2024-10-14,headache,4
a487a749,anemia_03,2024-10-14,cramps,4
60663b2e,anemia_03,2024-10-15,fatigue,5
a29f5c2a,anemia_03,2024-10-15,headache,3
f2a03e04,anemia_03,2024-10-15,heavy_bleeding,5
9ad5356c,anemia_03,2024-10-15,dizziness,5
38de44bb,anemia_03,2024-10-25,fatigue,3
43c57cb5,anemia_03,2024-10-25,heavy_bleeding,2
383eb707,anemia_03,2024-10-25,cramps,2
31829b05,anemia_03,2024-10-25,dizziness,2
dd11101a,anemia_03,2024-10-26,fatigue,4
ba926c70,anemia_03,2024-10-26,headache,5
daf0ee70,anemia_03,2024-10-26,heavy_bleeding,2
0bbc0673,anemia_03,2024-10-26,cramps,4
aefa3b46,anemia_03,2024-10-26,dizziness,5
f56dd49d,anemia_03,2024-10-27,fatigue,4
c9d577fe,anemia_03,2024-10-27,headache,2
d372822f,anemia_03,2024-10-27,heavy_bleeding,5
9cd49aa7,anemia_03,2024-10-27,cramps,2
6e6c4813,anemia_03,2024-10-28,fatigue,4
a454b6c2,anemia_03,2024-10-28,heavy_bleeding,5
063aca36,anemia_03,2024-10-28,dizziness,3
d119af6e,anemia_03,2024-10-29,fatigue,4
67920204,anemia_03,2024-10-29,heavy_bleeding,5
539fcaa2,anemia_03,2024-10-29,cramps,3
cbfa566d,anemia_03,2024-10-30,fatigue,3
6fb7b8df,anemia_03,2024-10-30,cramps,5
c6c90a38,anemia_03,2024-10-30,dizziness,5
036d5c4f,anemia_03,2024-10-31,fatigue,4
89879b80,anemia_03,2024-10-31,headache,3
43c9a3f1,anemia_03,2024-10-31,cramps,3
1a5097c8,anemia_03,2024-10-31,dizziness,5
9487dbb2,anemia_03,2024-11-01,fatigue,5
43c87741,anemia_03,2024-11-01,heavy_bleeding,3
78935f61,anemia_03,2024-11-01,cramps,3
ce8aba7a,anemia_03,2024-11-01,dizziness,4
3bfa8b3e,anemia_03,2024-11-02,fatigue,5
4fd58d22,anemia_03,2024-11-02,headache,3
a9d2a975,anemia_03,2024-11-02,heavy_bleeding,2
b0b35c92,anemia_03,2024-11-02,cramps,5
10f128c1,anemia_03,2024-11-03,fatigue,5
8dd0a424,anemia_03,2024-11-03,heavy_bleeding,3
590663ea,anemia_03,2024-11-03,dizziness,5
25f240e5,anemia_03,2024-11-20,fatigue,2
cebcf211,anemia_03,2024-11-20,headache,4
1dc17f2f,anemia_03,2024-11-20,cramps,5
7bad0f7e,anemia_03,2024-11-21,fatigue,4
384e34c7,anemia_03,2024-11-21,headache,2
b0e9aeb6,anemia_03,2024-11-21,heavy_bleeding,3
3207525e,anemia_03,2024-11-21,cramps,3
b48c1973,anemia_03,2024-11-21,dizziness,5
d28ce6ea,anemia_03,2024-11-22,fatigue,3
7e267521,anemia_03,2024-11-22,heavy_bleeding,3
ff797f7c,anemia_03,2024-11-22,cramps,3
3d9ec356,anemia_03,2024-11-22,dizziness,4
05ef7b27,anemia_03,2024-11-23,fatigue,4
e8e6a713,anemia_03,2024-11-23,headache,5
c379d1de,anemia_03,2024-11-23,heavy_bleeding,5
5012f346,anemia_03,2024-11-23,cramps,4
76f06090,anemia_03,2024-11-24,fatigue,2
82fdd10b,anemia_03,2024-11-24,heavy_bleeding,3
bba0c9f7,anemia_03,2024-11-24,cramps,3
e40ed70a,anemia_03,2024-11-25,fatigue,5
b970193d,anemia_03,2024-11-25,heavy_bleeding,5
2a5655c4,anemia_03,2024-11-26,fatigue,5
09c773fc,anemia_03,2024-11-26,headache,3
ce320ce5,anemia_03,2024-11-26,heavy_bleeding,3
64528d78,anemia_03,2024-11-26,cramps,5
6f41d1f3,anemia_03,2024-11-26,dizziness,5
3c8bac35,anemia_03,2024-11-27,fatigue,4
5c55ea57,anemia_03,2024-11-27,headache,2
3ace2431,anemia_03,2024-11-27,heavy_bleeding,2
c71dc27d,anemia_03,2024-11-28,fatigue,5
3cca27a2,anemia_03,2024-11-28,headache,2
c6aad9b1,anemia_03,2024-11-28,heavy_bleeding,5
03b0a34c,anemia_03,2024-11-28,cramps,3
76dd2fca,anemia_03,2024-11-29,fatigue,2
8dc8585f,anemia_03,2024-11-29,headache,2
e8a7e3fa,anemia_03,2024-11-29,heavy_bleeding,2
f1c1a7be,anemia_03,2024-11-29,cramps,5
99f188a6,anemia_03,2024-11-30,cramps,4
9e59cea7,anemia_03,2024-12-01,fatigue,2
dea72a8f,anemia_03,2024-12-01,headache,4
47b64958,anemia_03,2024-12-01,heavy_bleeding,3
cefda9c8,anemia_03,2024-12-02,fatigue,3
65d15a35,anemia_03,2024-12-02,heavy_bleeding,3
df4f0ea5,anemia_03,2024-12-02,cramps,3
8026b2fa,anemia_03,2024-12-18,fatigue,2
8e6ab50a,anemia_03,2024-12-18,headache,4
f908f677,anemia_03,2024-12-18,heavy_bleeding,2
1955510c,anemia_03,2024-12-18,cramps,3
5b3c2a3d,anemia_03,2024-12-19,headache,2
b9bd68f1,anemia_03,2024-12-19,heavy_bleeding,3
44f36d3e,anemia_03,2024-12-20,fatigue,3
0f201804,anemia_03,2024-12-20,heavy_bleeding,2
435fc9c3,anemia_03,2024-12-20,cramps,3
b3320f5b,anemia_03,2024-12-20,dizziness,3
d1a60355,anemia_03,2024-12-21,fatigue,4
ff5e59d8,anemia_03,2024-12-21,headache,3
54806b97,anemia_03,2024-12-21,heavy_bleeding,5
a314ca9f,anemia_03,2024-12-22,fatigue,4
d679ebb5,anemia_03,2024-12-22,headache,2
1cbdfc14,anemia_03,2024-12-22,heavy_bleeding,2
a06db84c,anemia_03,2024-12-22,cramps,3
d09a46db,anemia_03,2024-12-23,fatigue,2
25033596,anemia_03,2024-12-23,heavy_bleeding,5
3e16b38c,anemia_03,2024-12-24,fatigue,4
5a8a5312,anemia_03,2024-12-24,headache,3
8dce7c05,anemia_03,2024-12-24,heavy_bleeding,4
fd9a0dbe,anemia_03,2024-12-24,cramps,3
40d43161,anemia_03,2024-12-25,fatigue,5
f84bc1c7,anemia_03,2024-12-25,dizziness,3
43779e19,anemia_03,2024-12-26,fatigue,3
99e9fcdd,anemia_03,2024-12-26,heavy_bleeding,3
30e557de,anemia_03,2024-12-26,cramps,3
49f67c05,anemia_03,2025-01-16,fatigue,3
6d5c5b1a,anemia_03,2025-01-16,headache,5
1be8e6d9,anemia_03,2025-01-16,heavy_bleeding,3
4d8ca5bb,anemia_03,2025-01-16,cramps,4
2d6e63a3,anemia_03,2025-01-17,fatigue,5
64cdee17,anemia_03,2025-01-17,headache,4
0085ce07,anemia_03,2025-01-17,heavy_bleeding,5
f519e72b,anemia_03,2025-01-18,fatigue,2
1cea584c,anemia_03,2025-01-18,heavy_bleeding,4
567c6781,anemia_03,2025-01-18,dizziness,2
2dee7f59,anemia_03,2025-01-19,headache,5
4b6ece90,anemia_03,2025-01-19,heavy_bleeding,4
f4dde50e,anemia_03,2025-01-20,fatigue,2
789d2023,anemia_03,2025-01-20,heavy_bleeding,2
506466ba,anemia_03,2025-01-20,cramps,5
e2d2de6d,anemia_03,2025-01-21,fatigue,4
3495ef15,anemia_03,2025-01-21,headache,5
603e073c,anemia_03,2025-01-21,heavy_bleeding,3
01e4d0db,anemia_03,2025-01-21,cramps,5
6f39f181,anemia_03,2025-01-21,dizziness,5
6f18ed14,anemia_03,2025-01-22,fatigue,4
0648abce,anemia_03,2025-01-22,headache,4
7656c767,anemia_03,2025-01-22,heavy_bleeding,3
a59c3fca,anemia_03,2025-01-22,cramps,5
6e74581b,anemia_03,2025-01-23,fatigue,5
5a32d81a,anemia_03,2025-01-23,heavy_bleeding,5
c6a746ee,anemia_03,2025-01-23,cramps,3
e7bab9be,anemia_03,2025-01-23,dizziness,5
decd916d,anemia_03,2025-01-24,headache,2
a4161e16,anemia_03,2025-01-24,heavy_bleeding,2
8653f790,anemia_03,2025-01-24,cramps,3
a5c3d90e,anemia_03,2025-01-24,dizziness,4
ad30343e,anemia_03,2025-02-09,fatigue,4
85b7d21b,anemia_03,2025-02-09,heavy_bleeding,3
41b0b226,anemia_03,2025-02-09,cramps,4
10dc6cb2,anemia_03,2025-02-09,dizziness,2
00e5d483,anemia_03,2025-02-10,fatigue,3
d82ef44d,anemia_03,2025-02-10,heavy_bleeding,5
e2826557,anemia_03,2025-02-11,fatigue,2
ffefa603,anemia_03,2025-02-11,headache,5
52657fc2,anemia_03,2025-02-11,heavy_bleeding,5
57ad2586,anemia_03,2025-02-11,cramps,4
b8079547,anemia_03,2025-02-12,fatigue,2
c2dcba7b,anemia_03,2025-02-12,headache,4
5cdb7cbe,anemia_03,2025-02-12,heavy_bleeding,3
f6253480,anemia_03,2025-02-12,cramps,4
b475c195,anemia_03,2025-02-12,dizziness,5
e0e89f7f,anemia_03,2025-02-13,fatigue,4
62e4a741,anemia_03,2025-02-13,headache,4
c630a418,anemia_03,2025-02-13,heavy_bleeding,4
8bfb8a82,anemia_03,2025-02-14,fatigue,3
e35fe8b9,anemia_03,2025-02-14,headache,4
7fb47034,anemia_03,2025-02-14,cramps,5
8932fd11,anemia_03,2025-02-14,dizziness,5
9c9595c6,anemia_03,2025-02-15,fatigue,4
3855ef3f,anemia_03,2025-02-15,headache,5
766d8a5f,anemia_03,2025-02-15,heavy_bleeding,5
e4dc94e1,anemia_03,2025-02-15,cramps,3
ff0592af,anemia_03,2025-02-16,fatigue,3
26caf1f0,anemia_03,2025-02-16,headache,4
0a2fe973,anemia_03,2025-02-16,heavy_bleeding,5
33aead39,anemia_03,2025-02-16,cramps,2
c3529579,anemia_03,2025-02-17,headache,5
2af4c385,anemia_03,2025-02-17,heavy_bleeding,5
e612bfdb,anemia_03,2025-02-17,cramps,3
218e7d54,anemia_03,2025-02-17,dizziness,3
b13ddcc2,anemia_03,2025-02-18,fatigue,2
882aa840,anemia_03,2025-02-18,heavy_bleeding,2
b9bc36b7,anemia_03,2025-02-18,cramps,2
83c8a639,anemia_03,2025-02-18,dizziness,4
c8d0123d,anemia_03,2025-02-19,fatigue,5
dd723369,anemia_03,2025-02-19,headache,4
15e35df2,anemia_03,2025-02-19,heavy_bleeding,4
dc497c0a,anemia_03,2025-02-19,cramps,2
9647cc14,anemia_03,2025-02-20,fatigue,3
4efa8b38,anemia_03,2025-02-20,headache,3
9cc98851,anemia_03,2025-03-07,heavy_bleeding,4
6b213961,anemia_03,2025-03-07,cramps,4
67c22cce,anemia_03,2025-03-08,fatigue,4
19955c06,anemia_03,2025-03-08,heavy_bleeding,2
b76f9da5,anemia_03,2025-03-08,cramps,3
bb1f4aae,anemia_03,2025-03-09,fatigue,2
a12c8d87,anemia_03,2025-03-09,cramps,5
106e2036,anemia_03,2025-03-10,fatigue,5
ead1d438,anemia_03,2025-03-10,headache,3
8fe7d43d,anemia_03,2025-03-10,heavy_bleeding,5
412fec43,anemia_03,2025-03-11,headache,5
df81ea5e,anemia_03,2025-03-11,heavy_bleeding,3
c5b280ec,anemia_03,2025-03-12,fatigue,5
b6a0018a,anemia_03,2025-03-12,cramps,4
bb691048,anemia_03,2025-03-13,heavy_bleeding,4
390af15a,anemia_03,2025-03-13,cramps,4
5b2cbee4,anemia_03,2025-03-14,fatigue,3
5add92d1,anemia_03,2025-03-14,heavy_bleeding,2
19c72ea0,anemia_03,2025-03-14,dizziness,5
9c7b17bd,anemia_03,2025-03-15,fatigue,3
e81a15b0,anemia_03,2025-03-15,heavy_bleeding,4
be5cfa9c,anemia_03,2025-03-15,cramps,3
af4efa5a,anemia_03,2025-03-15,dizziness,5
2b8213da,anemia_03,2025-03-16,fatigue,4
01b82e00,anemia_03,2025-03-16,heavy_bleeding,4
12daff83,anemia_03,2025-03-16,cramps,2
e1940a74,anemia_03,2025-03-16,dizziness,5
9e20292a,anemia_03,2025-03-17,fatigue,5
9fe2c799,anemia_03,2025-03-17,headache,4
74f667a5,anemia_03,2025-03-17,heavy_bleeding,5
ff973974,anemia_03,2025-03-30,fatigue,4
a944087b,anemia_03,2025-03-30,heavy_bleeding,2
d724a9b7,anemia_03,2025-03-30,cramps,5
a40b056f,anemia_03,2025-03-30,dizziness,5
88a3b66c,anemia_03,2025-03-31,fatigue,3
42137dcd,anemia_03,2025-03-31,cramps,5
244bcea0,anemia_03,2025-04-01,headache,3
56dd7b11,anemia_03,2025-04-01,cramps,5
85292b43,anemia_03,2025-04-02,fatigue,3
0080d274,anemia_03,2025-04-02,headache,4
03b4c61e,anemia_03,2025-04-02,heavy_bleeding,3
c31f94ce,anemia_03,2025-04-02,cramps,2
934caca4,anemia_03,2025-04-03,fatigue,4
b5ef656e,anemia_03,2025-04-03,headache,3
78afc5e1,anemia_03,2025-04-03,heavy_bleeding,3
2ba4c470,anemia_03,2025-04-03,cramps,3
ef61e1c9,anemia_03,2025-04-04,fatigue,2
24222698,anemia_03,2025-04-04,heavy_bleeding,3
e1d1a082,anemia_03,2025-04-04,cramps,4
aec16e20,anemia_03,2025-04-05,fatigue,4
4507677f,anemia_03,2025-04-05,heavy_bleeding,5
ef3a566f,anemia_03,2025-04-06,headache,3
899a3408,anemia_03,2025-04-06,heavy_bleeding,5
a890102a,anemia_03,2025-04-06,cramps,5
41831094,anemia_03,2025-04-06,dizziness,5
942f05f1,anemia_03,2025-04-07,fatigue,4
fee5d59c,anemia_03,2025-04-07,heavy_bleeding,4
05c7b8cb,anemia_03,2025-04-07,cramps,3
84b02c43,anemia_03,2025-04-08,fatigue,4
1b67bc7c,anemia_03,2025-04-08,headache,2
35087fca,anemia_03,2025-04-08,heavy_bleeding,5
f8606039,anemia_03,2025-04-08,cramps,3
5094f88d,anemia_03,2025-04-08,dizziness,2
760f9b26,anemia_03,2025-04-27,fatigue,2
21771ca0,anemia_03,2025-04-27,headache,4
77a282cf,anemia_03,2025-04-27,cramps,3
a4151144,anemia_03,2025-04-27,dizziness,5
16a100dc,anemia_03,2025-04-28,fatigue,4
496ba574,anemia_03,2025-04-28,heavy_bleeding,2
218b646d,anemia_03,2025-04-28,cramps,3
f53ca94f,anemia_03,2025-04-28,dizziness,2
490ad891,anemia_03,2025-04-29,fatigue,4
6003675f,anemia_03,2025-04-29,headache,2
e39ed4c9,anemia_03,2025-04-29,heavy_bleeding,4
2af46719,anemia_03,2025-04-29,cramps,2
7e3c2210,anemia_03,2025-04-30,fatigue,2
c1ef1cf0,anemia_03,2025-04-30,headache,2
950e8443,anemia_03,2025-04-30,heavy_bleeding,4
2367e7f0,anemia_03,2025-05-01,fatigue,4
00eb2515,anemia_03,2025-05-01,headache,4
225c353a,anemia_03,2025-05-01,heavy_bleeding,4
49901b06,anemia_03,2025-05-01,cramps,2
539981aa,anemia_03,2025-05-02,fatigue,4
18d2cd80,anemia_03,2025-05-02,headache,3
02f0d277,anemia_03,2025-05-02,heavy_bleeding,5
f1e05732,anemia_03,2025-05-02,cramps,2
73ec161a,anemia_03,2025-05-03,fatigue,4
e38cdad8,anemia_03,2025-05-03,heavy_bleeding,4
f2fad4e7,anemia_03,2025-05-04,fatigue,2
b8d7e4a0,anemia_03,2025-05-04,heavy_bleeding,5
8dabaa7e,anemia_03,2025-05-04,cramps,3
4ce2c73b,anemia_03,2025-05-05,fatigue,3
e6a6bafa,anemia_03,2025-05-05,headache,4
b39d5cd2,anemia_03,2025-05-05,heavy_bleeding,2
1f27fe9d,anemia_03,2025-05-05,cramps,3
f9bf08f0,anemia_03,2025-05-05,dizziness,2
7cd02c1d,anemia_03,2025-05-06,fatigue,4
c952894a,anemia_03,2025-05-06,heavy_bleeding,4
8bded699,anemia_03,2025-05-06,cramps,5
bdece877,anemia_03,2025-05-07,fatigue,2
990f9d7d,anemia_03,2025-05-07,heavy_bleeding,4
2dcb258c,anemia_03,2025-05-07,cramps,2
cf1c631e,anemia_03,2025-05-07,dizziness,5
f68a8a8b,anemia_03,2025-05-25,fatigue,5
fed5ee2f,anemia_03,2025-05-25,headache,5
d6f0181b,anemia_03,2025-05-25,heavy_bleeding,5
9c77ba73,anemia_03,2025-05-25,cramps,5
2763a9b3,anemia_03,2025-05-26,headache,2
e343ffba,anemia_03,2025-05-27,headache,2
b1e74cdf,anemia_03,2025-05-27,heavy_bleeding,4
c833a1a3,anemia_03,2025-05-27,cramps,2
5f386a3c,anemia_03,2025-05-28,fatigue,4
23b3f653,anemia_03,2025-05-28,headache,5
bf8433e3,anemia_03,2025-05-28,heavy_bleeding,4
e22f2c07,anemia_03,2025-05-28,dizziness,3
1989a9e3,anemia_03,2025-05-29,fatigue,3
9ddb5475,anemia_03,2025-05-29,headache,4
89ec4e0e,anemia_03,2025-05-29,heavy_bleeding,2
9a0bbb5d,anemia_03,2025-05-29,cramps,5
93d44475,anemia_03,2025-05-30,fatigue,3
e1cae89f,anemia_03,2025-05-30,heavy_bleeding,4
0e42d21a,anemia_03,2025-05-31,fatigue,4
f4fa715e,anemia_03,2025-05-31,headache,4
73bced19,anemia_03,2025-05-31,heavy_bleeding,2
05a10fa4,anemia_03,2025-06-01,fatigue,5
16686134,anemia_03,2025-06-01,headache,3
90b6504e,anemia_03,2025-06-01,heavy_bleeding,2
8fa4dc07,anemia_03,2025-06-02,fatigue,5
946c1b70,anemia_03,2025-06-02,headache,4
dfd03899,anemia_03,2025-06-02,heavy_bleeding,2
ce3eeefd,anemia_03,2025-06-02,cramps,4
a647e320,anemia_03,2025-06-03,fatigue,4
cecfb419,anemia_03,2025-06-03,headache,4
06f49d04,anemia_03,2025-06-03,heavy_bleeding,2
ae5d09ef,anemia_03,2025-06-03,cramps,5
915256e0,anemia_03,2025-06-03,dizziness,4
27217990,anemia_03,2025-06-21,fatigue,5
1ee7b4f6,anemia_03,2025-06-21,heavy_bleeding,4
77924d5d,anemia_03,2025-06-21,cramps,2
765e6cc1,anemia_03,2025-06-22,heavy_bleeding,4
8d425b87,anemia_03,2025-06-22,cramps,5
043eee8b,anemia_03,2025-06-23,fatigue,3
261fc20a,anemia_03,2025-06-23,cramps,5
271866c0,anemia_03,2025-06-24,fatigue,4
b4724acb,anemia_03,2025-06-24,dizziness,5
97453fe7,anemia_03,2025-06-25,fatigue,2
bce3691d,anemia_03,2025-06-25,headache,4
abd1446f,anemia_03,2025-06-25,dizziness,3
c22566d3,anemia_03,2025-06-26,fatigue,2
b4408f52,anemia_03,2025-06-26,headache,3
854d4070,anemia_03,2025-06-26,heavy_bleeding,4
ef11be80,anemia_03,2025-06-26,cramps,5
2d9b01c3,anemia_03,2025-06-26,dizziness,3
a71d1447,anemia_03,2025-06-27,fatigue,5
e66156f7,anemia_03,2025-06-27,cramps,4
38e179ba,anemia_03,2025-06-28,fatigue,4
6386d21d,anemia_03,2025-06-28,headache,2
f24d8562,anemia_03,2025-06-28,heavy_bleeding,4
cd85e174,anemia_03,2025-06-28,cramps,3
5f40acf5,anemia_03,2025-06-29,fatigue,3
3159e831,anemia_03,2025-06-29,heavy_bleeding,4
f1f3c9cf,anemia_03,2025-06-29,cramps,2
b71ee574,anemia_03,2025-06-30,fatigue,3
3716b742,anemia_03,2025-06-30,heavy_bleeding,5
b18c8604,anemia_03,2025-06-30,cramps,5
2d263183,anemia_03,2025-06-30,dizziness,4
86832368,anemia_03,2025-07-15,fatigue,3
2ea8a6aa,anemia_03,2025-07-15,headache,2
46b1b426,anemia_03,2025-07-15,heavy_bleeding,3
9d713f06,anemia_03,2025-07-15,cramps,5
495469e6,anemia_03,2025-07-15,dizziness,3
5610c0e8,anemia_03,2025-07-16,fatigue,5
d2167a0e,anemia_03,2025-07-16,headache,5
9cfc15ac,anemia_03,2025-07-16,cramps,4
e7f394aa,anemia_03,2025-07-17,fatigue,2
2378e891,anemia_03,2025-07-18,fatigue,5
95c9b4c2,anemia_03,2025-07-18,heavy_bleeding,3
ce8a1bd2,anemia_03,2025-07-18,dizziness,3
0c561ff4,anemia_03,2025-07-19,fatigue,3
b32c8cd1,anemia_03,2025-07-19,headache,4
7639308a,anemia_03,2025-07-19,heavy_bleeding,5
8fd7ad09,anemia_03,2025-07-19,cramps,5
998a7881,anemia_03,2025-07-20,fatigue,2
fa9c1dfa,anemia_03,2025-07-20,heavy_bleeding,5
d52e2bcc,anemia_03,2025-07-21,fatigue,3
b15c1b7d,anemia_03,2025-07-21,heavy_bleeding,2
d17f08f0,anemia_03,2025-07-21,cramps,3
9864f49b,anemia_03,2025-07-22,fatigue,2
2e839a4b,anemia_03,2025-07-22,headache,4
2d760a73,anemia_03,2025-07-22,heavy_bleeding,3
f7d10a9c,anemia_03,2025-07-22,cramps,3
3d5b16d8,anemia_03,2025-07-22,dizziness,2
b5c779c6,anemia_03,2025-07-23,fatigue,2
03967d40,anemia_03,2025-07-23,headache,2
a4ba762b,anemia_03,2025-07-23,heavy_bleeding,4
b7d78a20,anemia_03,2025-07-23,cramps,2
cbdbaaa2,anemia_03,2025-07-23,dizziness,5
1308a5be,anemia_03,2025-07-24,fatigue,2
7f499056,anemia_03,2025-07-24,cramps,4
6a9411a3,anemia_03,2025-07-25,fatigue,4
91fee611,anemia_03,2025-07-25,headache,3
eac872a4,anemia_03,2025-07-25,heavy_bleeding,2
16202d40,anemia_03,2025-07-25,cramps,3
f33ba56e,anemia_03,2025-07-25,dizziness,2
33acbdb5,anemia_03,2025-07-26,fatigue,2
af4ef948,anemia_03,2025-07-26,headache,5
fac1ab4c,anemia_03,2025-07-26,heavy_bleeding,2
6c951b38,anemia_03,2025-07-26,cramps,3
93097f98,anemia_03,2025-07-26,dizziness,5
9b0e2e2d,anemia_03,2025-07-27,fatigue,4
2b253c08,anemia_03,2025-07-27,headache,3
04a120df,anemia_03,2025-07-27,heavy_bleeding,3
3867f28f,anemia_03,2025-07-27,dizziness,5
0ff3a2cb,anemia_03,2025-08-09,fatigue,3
9d16c9da,anemia_03,2025-08-09,dizziness,3
71e1ed9a,anemia_03,2025-08-10,fatigue,5
676bd401,anemia_03,2025-08-10,headache,2
2fffcda1,anemia_03,2025-08-10,heavy_bleeding,2
3e462401,anemia_03,2025-08-10,cramps,5
46d824b0,anemia_03,2025-08-11,fatigue,5
cffe6330,anemia_03,2025-08-11,heavy_bleeding,3
f97af2c6,anemia_03,2025-08-12,fatigue,5
ad113af0,anemia_03,2025-08-12,heavy_bleeding,5
b912f7a2,anemia_03,2025-08-12,cramps,5
63148dce,anemia_03,2025-08-13,fatigue,3
ba3484fa,anemia_03,2025-08-13,headache,2
614ffb68,anemia_03,2025-08-13,heavy_bleeding,3
10c3b849,anemia_03,2025-08-13,cramps,2
5f053e3c,anemia_03,2025-08-14,fatigue,3
1a205fae,anemia_03,2025-08-14,headache,5
f484902f,anemia_03,2025-08-14,heavy_bleeding,4
4c04bfec,anemia_03,2025-08-15,fatigue,2
09f19add,anemia_03,2025-08-15,cramps,2
3d81f951,anemia_03,2025-08-15,dizziness,5
6175a71e,anemia_03,2025-08-16,fatigue,2
25375de2,anemia_03,2025-08-16,headache,3
f89968ba,anemia_03,2025-08-17,fatigue,4
692dc20e,anemia_03,2025-08-17,heavy_bleeding,3
28810fdc,anemia_03,2025-08-17,cramps,3
87f767a9,anemia_03,2025-08-18,fatigue,4
4b26f83a,anemia_03,2025-08-18,heavy_bleeding,3
03599840,anemia_03,2025-08-18,cramps,5
675d0037,anemia_03,2025-08-19,fatigue,4
85204d72,anemia_03,2025-08-19,headache,2
f7ef5bac,anemia_03,2025-08-19,heavy_bleeding,3
90a84a5e,anemia_03,2025-08-19,cramps,4
97a666d7,anemia_03,2025-08-20,fatigue,4
6c205858,anemia_03,2025-08-20,headache,2
57b8ec43,anemia_03,2025-08-20,heavy_bleeding,5
00581a40,anemia_03,2025-08-20,dizziness,4
30d13326,anemia_03,2025-08-21,fatigue,2
f7f2933d,anemia_03,2025-08-21,headache,3
19df29a8,anemia_03,2025-08-21,heavy_bleeding,4
e790d180,anemia_03,2025-08-21,dizziness,5
64ec0b3f,anemia_04,2024-01-01,fatigue,4
64eec45e,anemia_04,2024-01-01,heavy_bleeding,4
ecd0365f,anemia_04,2024-01-01,cramps,2
b6b6e9d8,anemia_04,2024-01-01,dizziness,5
2b6037b6,anemia_04,2024-01-02,fatigue,3
920db8d5,anemia_04,2024-01-02,cramps,2
95a0fbab,anemia_04,2024-01-03,fatigue,3
1069681a,anemia_04,2024-01-03,heavy_bleeding,3
282ecedc,anemia_04,2024-01-03,cramps,5
0974c24e,anemia_04,2024-01-04,fatigue,5
7bbe6e2f,anemia_04,2024-01-04,headache,3
06294d41,anemia_04,2024-01-04,heavy_bleeding,5
fd684dad,anemia_04,2024-01-04,cramps,2
dec8464f,anemia_04,2024-01-05,headache,2
1d4c38da,anemia_04,2024-01-05,heavy_bleeding,2
38484978,anemia_04,2024-01-05,dizziness,4
0d16b53d,anemia_04,2024-01-06,fatigue,4
5409d055,anemia_04,2024-01-06,headache,2
a7679e8f,anemia_04,2024-01-06,heavy_bleeding,4
f010d786,anemia_04,2024-01-06,cramps,2
38a4f0ea,anemia_04,2024-01-07,fatigue,2
34e7a2e2,anemia_04,2024-01-07,heavy_bleeding,4
9956961a,anemia_04,2024-01-07,cramps,5
3668c5b9,anemia_04,2024-01-08,fatigue,4
47116fc2,anemia_04,2024-01-08,headache,5
d8bc2eee,anemia_04,2024-01-08,cramps,4
ddb00350,anemia_04,2024-01-08,dizziness,5
822b73a8,anemia_04,2024-01-09,fatigue,3
a644913e,anemia_04,2024-01-09,headache,3
7e587ee6,anemia_04,2024-01-09,heavy_bleeding,2
3a0cae63,anemia_04,2024-01-09,cramps,3
77fd3045,anemia_04,2024-01-10,heavy_bleeding,2
fb1d870a,anemia_04,2024-01-10,cramps,5
d012c180,anemia_04,2024-01-10,dizziness,5
8b52195e,anemia_04,2024-01-11,fatigue,4
d35d52f9,anemia_04,2024-01-11,cramps,5
bf15a702,anemia_04,2024-01-25,fatigue,4
b1d4e2a9,anemia_04,2024-01-25,headache,3
8356b581,anemia_04,2024-01-25,heavy_bleeding,5
851152c4,anemia_04,2024-01-26,fatigue,5
ee5d1b7a,anemia_04,2024-01-26,heavy_bleeding,5
8d7a6dab,anemia_04,2024-01-27,fatigue,2
76de9c8f,anemia_04,2024-01-27,headache,3
545d56d7,anemia_04,2024-01-27,heavy_bleeding,2
db5442d1,anemia_04,2024-01-27,cramps,2
4c460916,anemia_04,2024-01-27,dizziness,4
821f1341,anemia_04,2024-01-28,fatigue,4
2b80d136,anemia_04,2024-01-28,headache,4
ed360789,anemia_04,2024-01-28,heavy_bleeding,4
6e23891b,anemia_04,2024-01-29,headache,2
55bc706d,anemia_04,2024-01-30,headache,4
2e9723fb,anemia_04,2024-01-30,heavy_bleeding,2
9bcc820f,anemia_04,2024-01-31,fatigue,4
e3629377,anemia_04,2024-01-31,heavy_bleeding,5
b0b792f5,anemia_04,2024-01-31,dizziness,4
d5c0266c,anemia_04,2024-02-01,fatigue,2
2aee679c,anemia_04,2024-02-01,heavy_bleeding,5
0b56b896,anemia_04,2024-02-01,cramps,2
0637dd03,anemia_04,2024-02-02,fatigue,3
d9048772,anemia_04,2024-02-02,heavy_bleeding,2
010dd331,anemia_04,2024-02-03,fatigue,2
46ace414,anemia_04,2024-02-03,heavy_bleeding,2
79cff62e,anemia_04,2024-02-03,cramps,2
e98df08f,anemia_04,2024-02-04,headache,5
b7293f2c,anemia_04,2024-02-04,heavy_bleeding,5
9cfcc16d,anemia_04,2024-02-04,cramps,2
af685676,anemia_04,2024-02-04,dizziness,2
5453c8dd,anemia_04,2024-02-05,fatigue,4
07e8b75a,anemia_04,2024-02-05,headache,3
8f78de6b,anemia_04,2024-02-05,heavy_bleeding,2
29763aac,anemia_04,2024-02-06,fatigue,3
1ff7bc5e,anemia_04,2024-02-06,heavy_bleeding,5
983e2382,anemia_04,2024-02-06,dizziness,3
e05ac752,anemia_04,2024-02-24,headache,2
62c33795,anemia_04,2024-02-24,heavy_bleeding,5
1213aea7,anemia_04,2024-02-24,cramps,4
0a3dbdfb,anemia_04,2024-02-25,headache,3
9af68ada,anemia_04,2024-02-25,heavy_bleeding,2
54807b41,anemia_04,2024-02-26,fatigue,3
0e0e4995,anemia_04,2024-02-26,heavy_bleeding,5
fccc4434,anemia_04,2024-02-26,dizziness,2
af0c7828,anemia_04,2024-02-27,fatigue,4
338e7a0c,anemia_04,2024-02-27,headache,4
06ba5a93,anemia_04,2024-02-27,heavy_bleeding,3
27ec68f8,anemia_04,2024-02-27,cramps,5
5a487a77,anemia_04,2024-02-27,dizziness,3
21021725,anemia_04,2024-02-28,fatigue,5
ebdb3b98,anemia_04,2024-02-28,headache,4
1a8219cd,anemia_04,2024-02-28,heavy_bleeding,3
5bb4980e,anemia_04,2024-02-28,cramps,5
14df6df7,anemia_04,2024-02-29,fatigue,4
d8b08ef0,anemia_04,2024-02-29,headache,2
95095c21,anemia_04,2024-02-29,heavy_bleeding,4
1263d082,anemia_04,2024-02-29,cramps,3
2516b188,anemia_04,2024-03-01,dizziness,5
bb91d581,anemia_04,2024-03-02,fatigue,3
bf749f0f,anemia_04,2024-03-02,heavy_bleeding,2
0efebffe,anemia_04,2024-03-03,fatigue,2
693ac642,anemia_04,2024-03-03,heavy_bleeding,4
c1a77fdb,anemia_04,2024-03-03,cramps,5
2cb7e434,anemia_04,2024-03-03,dizziness,3
48cc7cc2,anemia_04,2024-03-04,headache,4
3151964b,anemia_04,2024-03-04,heavy_bleeding,4
67a0b6fd,anemia_04,2024-03-22,fatigue,3
f6658660,anemia_04,2024-03-22,headache,5
dd89de9e,anemia_04,2024-03-22,heavy_bleeding,5
eb3a2566,anemia_04,2024-03-22,cramps,5
5bb40bfc,anemia_04,2024-03-23,fatigue,4
57eb9236,anemia_04,2024-03-23,heavy_bleeding,5
7bf68b11,anemia_04,2024-03-23,dizziness,4
55570b42,anemia_04,2024-03-24,heavy_bleeding,2
20c53cd6,anemia_04,2024-03-24,cramps,2
e92a0a2a,anemia_04,2024-03-25,fatigue,5
a8ac9751,anemia_04,2024-03-25,headache,2
cd5f4612,anemia_04,2024-03-25,heavy_bleeding,4
02d69ad7,anemia_04,2024-03-25,cramps,2
f442d3e6,anemia_04,2024-03-25,dizziness,4
dd4cf8fe,anemia_04,2024-03-26,fatigue,4
51fc125a,anemia_04,2024-03-26,headache,3
7289091d,anemia_04,2024-03-26,heavy_bleeding,4
6e5ef279,anemia_04,2024-03-26,cramps,3
27e5bd57,anemia_04,2024-03-26,dizziness,2
6c1a4eca,anemia_04,2024-03-27,fatigue,3
e1fc3a98,anemia_04,2024-03-27,heavy_bleeding,3
7c8fe830,anemia_04,2024-03-27,cramps,5
1cc1fe8a,anemia_04,2024-03-28,fatigue,4
d3901701,anemia_04,2024-03-28,heavy_bleeding,5
73f67a7d,anemia_04,2024-03-28,cramps,5
a9e43657,anemia_04,2024-03-29,fatigue,2
4c07d11d,anemia_04,2024-03-29,headache,2
efb9ce66,anemia_04,2024-03-29,heavy_bleeding,3
69ffe819,anemia_04,2024-03-29,cramps,2
c010ee87,anemia_04,2024-03-29,dizziness,2
623b10d8,anemia_04,2024-03-30,fatigue,4
87fb4427,anemia_04,2024-03-30,cramps,3
0b74fbd4,anemia_04,2024-03-30,dizziness,2
7e2fb3d3,anemia_04,2024-03-31,fatigue,5
254144ff,anemia_04,2024-03-31,headache,3
1e029eea,anemia_04,2024-03-31,heavy_bleeding,3
12e04709,anemia_04,2024-03-31,cramps,4
cdf4ca6a,anemia_04,2024-04-01,fatigue,2
7f145816,anemia_04,2024-04-01,headache,5
c9042ca8,anemia_04,2024-04-01,heavy_bleeding,4
704e2d9a,anemia_04,2024-04-01,cramps,4
494f1b04,anemia_04,2024-04-02,fatigue,5
86a6a36e,anemia_04,2024-04-02,headache,3
f11c85a9,anemia_04,2024-04-02,heavy_bleeding,5
b0216df9,anemia_04,2024-04-02,cramps,5
6e61ea2e,anemia_04,2024-04-03,fatigue,2
b7fea74e,anemia_04,2024-04-03,heavy_bleeding,3
76c1d4ed,anemia_04,2024-04-03,cramps,4
e7584095,anemia_04,2024-04-03,dizziness,5
07aa6495,anemia_04,2024-04-18,fatigue,2
834a023f,anemia_04,2024-04-18,heavy_bleeding,3
5f315704,anemia_04,2024-04-18,cramps,4
826b90c2,anemia_04,2024-04-19,fatigue,4
a681abfc,anemia_04,2024-04-19,headache,2
42cf9ff2,anemia_04,2024-04-19,cramps,4
121777c7,anemia_04,2024-04-20,fatigue,5
e64883dc,anemia_04,2024-04-20,headache,3
42a4015a,anemia_04,2024-04-20,heavy_bleeding,3
1938d05e,anemia_04,2024-04-20,cramps,5
e3b30cca,anemia_04,2024-04-21,fatigue,3
b20674bc,anemia_04,2024-04-21,headache,2
26f00c04,anemia_04,2024-04-21,heavy_bleeding,2
26d7e3bc,anemia_04,2024-04-21,cramps,3
94c38dee,anemia_04,2024-04-21,dizziness,4
2a909eea,anemia_04,2024-04-22,fatigue,2
bddd4e3a,anemia_04,2024-04-22,headache,3
5787de6c,anemia_04,2024-04-22,heavy_bleeding,2
48ac0944,anemia_04,2024-04-22,cramps,3
75049ffe,anemia_04,2024-04-22,dizziness,2
546f5328,anemia_04,2024-04-23,fatigue,4
00bdcd1e,anemia_04,2024-04-23,headache,4
53f74e0c,anemia_04,2024-04-24,fatigue,2
171474af,anemia_04,2024-04-24,headache,3
c365f619,anemia_04,2024-04-24,cramps,3
8820cc99,anemia_04,2024-04-25,heavy_bleeding,4
9c3f1fae,anemia_04,2024-04-26,fatigue,4
8b37b54d,anemia_04,2024-04-26,headache,2
388d6331,anemia_04,2024-04-26,heavy_bleeding,2
c8e887f6,anemia_04,2024-05-16,fatigue,5
d2fe12d8,anemia_04,2024-05-16,heavy_bleeding,2
717e7297,anemia_04,2024-05-16,cramps,3
d3bef4f3,anemia_04,2024-05-16,dizziness,2
937c8227,anemia_04,2024-05-17,fatigue,3
e425e523,anemia_04,2024-05-17,headache,4
3cc8ffff,anemia_04,2024-05-17,heavy_bleeding,3
8e49c506,anemia_04,2024-05-17,cramps,5
4b2d9eeb,anemia_04,2024-05-18,fatigue,3
996c4985,anemia_04,2024-05-18,headache,3
3b9bcae9,anemia_04,2024-05-18,heavy_bleeding,4
d97b8c03,anemia_04,2024-05-19,fatigue,3
b0b91429,anemia_04,2024-05-19,headache,2
ec0a6d3a,anemia_04,2024-05-19,heavy_bleeding,3
277359e7,anemia_04,2024-05-19,cramps,4
0b5e152f,anemia_04,2024-05-20,fatigue,4
7bef716a,anemia_04,2024-05-20,heavy_bleeding,2
cdd78ca4,anemia_04,2024-05-20,cramps,5
3b202b2d,anemia_04,2024-05-21,fatigue,4
9675868c,anemia_04,2024-05-21,cramps,3
b5abe627,anemia_04,2024-05-22,heavy_bleeding,2
8fa3f367,anemia_04,2024-05-22,dizziness,3
daf25c61,anemia_04,2024-05-23,fatigue,3
bf0ed970,anemia_04,2024-05-23,headache,4
62666679,anemia_04,2024-05-23,heavy_bleeding,3
f2e3fa21,anemia_04,2024-05-24,fatigue,3
9f6be5b9,anemia_04,2024-05-24,heavy_bleeding,4
7d06fb56,anemia_04,2024-05-24,cramps,2
beeca459,anemia_04,2024-05-25,fatigue,4
d43bb1bf,anemia_04,2024-05-25,headache,3
32497402,anemia_04,2024-05-25,heavy_bleeding,2
b04fa45e,anemia_04,2024-05-25,cramps,2
0126da70,anemia_04,2024-05-25,dizziness,5
82eba3a0,anemia_04,2024-05-26,fatigue,5
a5d9682b,anemia_04,2024-05-26,headache,5
86c4d8c1,anemia_04,2024-05-26,heavy_bleeding,3
0ae9a372,anemia_04,2024-05-26,cramps,2
63913163,anemia_04,2024-05-27,fatigue,2
59559f09,anemia_04,2024-05-27,heavy_bleeding,4
3a29543b,anemia_04,2024-05-27,dizziness,3
3feb5297,anemia_04,2024-06-10,fatigue,4
6f1ea767,anemia_04,2024-06-10,heavy_bleeding,5
35f2e9da,anemia_04,2024-06-11,fatigue,3
6b895f02,anemia_04,2024-06-11,headache,3
6f259583,anemia_04,2024-06-11,heavy_bleeding,2
a1ff08ee,anemia_04,2024-06-12,fatigue,2
766c3815,anemia_04,2024-06-12,headache,4
6ff05e02,anemia_04,2024-06-12,heavy_bleeding,2
01120852,anemia_04,2024-06-12,cramps,2
f7921320,anemia_04,2024-06-12,dizziness,4
17efca5d,anemia_04,2024-06-13,fatigue,4
d47d531a,anemia_04,2024-06-13,headache,5
892bb677,anemia_04,2024-06-13,heavy_bleeding,5
f79aa1de,anemia_04,2024-06-13,cramps,4
862d9346,anemia_04,2024-06-14,headache,5
c769f6b2,anemia_04,2024-06-15,fatigue,4
d0af0a13,anemia_04,2024-06-15,heavy_bleeding,5
eded13c6,anemia_04,2024-06-15,dizziness,2
345f235d,anemia_04,2024-06-16,fatigue,3
ec75bcac,anemia_04,2024-06-16,heavy_bleeding,2
6db99266,anemia_04,2024-06-17,fatigue,2
3da0b28e,anemia_04,2024-06-17,heavy_bleeding,4
ccdfe3e0,anemia_04,2024-06-17,cramps,2
b6ac7d5c,anemia_04,2024-06-18,fatigue,5
7fd4a96c,anemia_04,2024-06-18,headache,4
8f160d7f,anemia_04,2024-06-18,heavy_bleeding,5
7f77257a,anemia_04,2024-06-18,cramps,5
5cec292a,anemia_04,2024-06-19,fatigue,2
9e45f3bf,anemia_04,2024-06-19,heavy_bleeding,4
1013aeca,anemia_04,2024-06-19,dizziness,4
ec6b6661,anemia_04,2024-07-08,fatigue,4
24a734b6,anemia_04,2024-07-08,headache,3
de2b0bc9,anemia_04,2024-07-08,heavy_bleeding,5
78d8b445,anemia_04,2024-07-09,fatigue,3
e2b4c8cd,anemia_04,2024-07-09,headache,2
905e748d,anemia_04,2024-07-09,heavy_bleeding,4
2ca32492,anemia_04,2024-07-09,dizziness,2
95a553da,anemia_04,2024-07-10,fatigue,2
dd645bb0,anemia_04,2024-07-10,headache,5
db59e7c0,anemia_04,2024-07-10,heavy_bleeding,2
9080f076,anemia_04,2024-07-11,fatigue,5
a6a20d0a,anemia_04,2024-07-11,headache,4
b04588e8,anemia_04,2024-07-11,heavy_bleeding,2
cf332c22,anemia_04,2024-07-11,cramps,4
01b7d972,anemia_04,2024-07-11,dizziness,4
b53e2a12,anemia_04,2024-07-12,fatigue,4
e73f6322,anemia_04,2024-07-12,heavy_bleeding,5
58333091,anemia_04,2024-07-12,cramps,3
b88bc872,anemia_04,2024-07-12,dizziness,5
e98973d8,anemia_04,2024-07-13,fatigue,4
3ee32ebb,anemia_04,2024-07-13,headache,4
1e01dde3,anemia_04,2024-07-13,cramps,3
4862a9af,anemia_04,2024-07-14,fatigue,3
5867c2d5,anemia_04,2024-07-14,headache,5
25d7e452,anemia_04,2024-07-14,heavy_bleeding,3
36d8bded,anemia_04,2024-07-14,cramps,5
c9421a47,anemia_04,2024-07-15,fatigue,2
67ac2e50,anemia_04,2024-07-15,heavy_bleeding,2
a3d5ef97,anemia_04,2024-07-15,dizziness,3
c84aaca8,anemia_04,2024-07-16,fatigue,4
f3346e37,anemia_04,2024-07-16,headache,2
0d741242,anemia_04,2024-07-16,heavy_bleeding,4
e4244418,anemia_04,2024-07-16,dizziness,2
9f84fffb,anemia_04,2024-07-17,fatigue,2
1a87ebae,anemia_04,2024-07-17,headache,2
ceb536f9,anemia_04,2024-07-17,heavy_bleeding,4
70570cb7,anemia_04,2024-07-17,cramps,5
da2bb867,anemia_04,2024-07-18,fatigue,5
b938ea82,anemia_04,2024-07-19,fatigue,2
d9e5b746,anemia_04,2024-07-19,heavy_bleeding,3
3eb11089,anemia_04,2024-07-19,dizziness,3
4dabdfd5,anemia_04,2024-07-20,fatigue,5
b77c6195,anemia_04,2024-07-20,headache,2
3219f21d,anemia_04,2024-07-20,heavy_bleeding,4
a4f60272,anemia_04,2024-07-20,dizziness,4
6ddfd412,anemia_04,2024-08-06,fatigue,4
a013a682,anemia_04,2024-08-06,headache,3
3e06b388,anemia_04,2024-08-06,heavy_bleeding,4
3057611b,anemia_04,2024-08-06,cramps,3
39be8680,anemia_04,2024-08-06,dizziness,2
11bf96b4,anemia_04,2024-08-07,fatigue,3
dc364f72,anemia_04,2024-08-07,heavy_bleeding,4
669bb9ab,anemia_04,2024-08-08,fatigue,5
863b17e2,anemia_04,2024-08-08,heavy_bleeding,3
f140758e,anemia_04,2024-08-09,fatigue,2
b5021246,anemia_04,2024-08-09,heavy_bleeding,4
1673d4a6,anemia_04,2024-08-10,fatigue,4
3e4e41e6,anemia_04,2024-08-10,headache,2
4c59b4bf,anemia_04,2024-08-10,heavy_bleeding,4
e8bedf27,anemia_04,2024-08-10,cramps,4
9f7bd7a9,anemia_04,2024-08-11,fatigue,3
20fda188,anemia_04,2024-08-11,heavy_bleeding,5
df07e644,anemia_04,2024-08-11,cramps,5
50781cbb,anemia_04,2024-08-12,fatigue,5
a7e050a0,anemia_04,2024-08-12,headache,4
d2f666ba,anemia_04,2024-08-12,cramps,3
7d40e7bf,anemia_04,2024-08-13,fatigue,3
a7189f74,anemia_04,2024-08-13,headache,3
4f6af6c4,anemia_04,2024-08-13,heavy_bleeding,2
1e9b61be,anemia_04,2024-08-14,fatigue,5
2d497be0,anemia_04,2024-08-14,headache,5
6dade98c,anemia_04,2024-08-14,cramps,5
6ab11919,anemia_04,2024-09-08,fatigue,3
091f1e66,anemia_04,2024-09-08,heavy_bleeding,4
d8e105f0,anemia_04,2024-09-08,cramps,3
32fea6f6,anemia_04,2024-09-08,dizziness,5
1b981dbc,anemia_04,2024-09-09,fatigue,5
3a292371,anemia_04,2024-09-09,cramps,4
144ae524,anemia_04,2024-09-10,fatigue,4
367065cd,anemia_04,2024-09-10,heavy_bleeding,4
33d061c6,anemia_04,2024-09-11,fatigue,5
5630d20e,anemia_04,2024-09-11,headache,4
ca4abc0f,anemia_04,2024-09-12,fatigue,2
218d3963,anemia_04,2024-09-12,headache,4
c77abc78,anemia_04,2024-09-13,headache,4
f4a04c91,anemia_04,2024-09-14,fatigue,4
7329fc11,anemia_04,2024-09-14,headache,4
157c8809,anemia_04,2024-09-14,heavy_bleeding,4
4e4f5b54,anemia_04,2024-09-14,cramps,4
88678491,anemia_04,2024-09-14,dizziness,5
d0a2a9f8,anemia_04,2024-09-15,headache,4
714cbc45,anemia_04,2024-09-15,cramps,4
e6242cda,anemia_04,2024-09-15,dizziness,4
64e4a4fc,anemia_04,2024-09-16,fatigue,5
ed93cc76,anemia_04,2024-09-16,headache,5
96f322dc,anemia_04,2024-09-16,heavy_bleeding,4
e0956ded,anemia_04,2024-09-17,fatigue,4
4f9f2e77,anemia_04,2024-09-17,headache,4
9e918fc6,anemia_04,2024-10-06,fatigue,3
6ade956a,anemia_04,2024-10-06,headache,4
c4a099a5,anemia_04,2024-10-06,heavy_bleeding,5
214e4298,anemia_04,2024-10-06,cramps,4
45756b4a,anemia_04,2024-10-07,fatigue,5
02a2a36f,anemia_04,2024-10-07,heavy_bleeding,5
eacc7ed4,anemia_04,2024-10-08,fatigue,3
8dfabdd4,anemia_04,2024-10-08,heavy_bleeding,4
273ec436,anemia_04,2024-10-08,cramps,3
a974e54a,anemia_04,2024-10-09,fatigue,4
ffe0f218,anemia_04,2024-10-09,headache,4
e3fe56a7,anemia_04,2024-10-09,heavy_bleeding,5
7b7b2d7a,anemia_04,2024-10-09,dizziness,2
d641fe2e,anemia_04,2024-10-10,fatigue,3
851101d4,anemia_04,2024-10-10,headache,5
f7bd8cf4,anemia_04,2024-10-10,heavy_bleeding,4
4df88954,anemia_04,2024-10-10,cramps,5
79b72099,anemia_04,2024-10-10,dizziness,4
a85c682b,anemia_04,2024-10-11,fatigue,2
229c3f5a,anemia_04,2024-10-11,heavy_bleeding,5
802bfdff,anemia_04,2024-10-11,cramps,2
6c662423,anemia_04,2024-10-12,fatigue,3
a38fa107,anemia_04,2024-10-12,headache,3
7f4a7ac3,anemia_04,2024-10-12,heavy_bleeding,2
0b3ae482,anemia_04,2024-10-12,cramps,2
84d13df2,anemia_04,2024-10-12,dizziness,5
8bd3b951,anemia_04,2024-10-13,fatigue,5
fc19ce96,anemia_04,2024-10-13,heavy_bleeding,2
df8d1d63,anemia_04,2024-10-13,cramps,2
ca55924d,anemia_04,2024-10-13,dizziness,2
cc781633,anemia_04,2024-10-14,fatigue,4
b11a2624,anemia_04,2024-10-14,heavy_bleeding,3
51c27b70,anemia_04,2024-10-14,cramps,5
774a8b80,anemia_04,2024-10-14,dizziness,3
b66435dc,anemia_04,2024-10-15,fatigue,5
c1bf0f11,anemia_04,2024-10-15,heavy_bleeding,4
1f64e016,anemia_04,2024-10-15,dizziness,2
9fd12309,anemia_04,2024-10-16,fatigue,5
75a12a42,anemia_04,2024-10-16,heavy_bleeding,2
9bfae84a,anemia_04,2024-10-16,cramps,3
b508547d,anemia_04,2024-10-17,fatigue,4
70ff29a0,anemia_04,2024-10-17,headache,2
b4c9ec18,anemia_04,2024-10-17,cramps,5
47fda397,anemia_04,2024-10-18,headache,4
aaa50f76,anemia_04,2024-10-18,heavy_bleeding,2
a4d962a3,anemia_04,2024-10-19,fatigue,3
337e0312,anemia_04,2024-10-19,heavy_bleeding,2
86f891b7,anemia_04,2024-10-30,fatigue,4
1cf432ee,anemia_04,2024-10-30,headache,4
0803f985,anemia_04,2024-10-30,cramps,3
c6f5e342,anemia_04,2024-10-31,fatigue,4
734f0dd3,anemia_04,2024-10-31,heavy_bleeding,4
84a657e8,anemia_04,2024-10-31,cramps,5
261bdef2,anemia_04,2024-11-01,fatigue,4
73de5323,anemia_04,2024-11-01,headache,3
4c3fd12a,anemia_04,2024-11-01,heavy_bleeding,3
d9ddc8fc,anemia_04,2024-11-02,fatigue,2
282aa937,anemia_04,2024-11-02,heavy_bleeding,2
bc3f39a0,anemia_04,2024-11-02,cramps,4
b044a3f3,anemia_04,2024-11-02,dizziness,4
eca3827b,anemia_04,2024-11-03,fatigue,3
324be723,anemia_04,2024-11-03,headache,3
6625d038,anemia_04,2024-11-03,heavy_bleeding,4
7ca703dd,anemia_04,2024-11-04,fatigue,5
d9eedc8e,anemia_04,2024-11-04,headache,5
d13a3d71,anemia_04,2024-11-04,heavy_bleeding,5
15247569,anemia_04,2024-11-04,cramps,3
2f822c10,anemia_04,2024-11-05,fatigue,4
26cdcd8c,anemia_04,2024-11-05,heavy_bleeding,3
49ca353f,anemia_04,2024-11-06,fatigue,5
2d1534f3,anemia_04,2024-11-06,headache,5
77f1c420,anemia_04,2024-11-06,heavy_bleeding,5
f7b9a7c9,anemia_04,2024-11-06,dizziness,4
f9f01643,anemia_04,2024-11-07,fatigue,5
5b6ca1a0,anemia_04,2024-11-07,cramps,5
a5e1b5ad,anemia_04,2024-11-08,headache,3
62f3878a,anemia_04,2024-11-08,cramps,4
dc3e3b71,anemia_04,2024-11-09,fatigue,2
48ca38f9,anemia_04,2024-11-09,headache,4
1be628e3,anemia_04,2024-11-09,heavy_bleeding,2
959f1c12,anemia_04,2024-11-09,dizziness,2
13021ad9,anemia_04,2024-11-26,fatigue,4
598bcb83,anemia_04,2024-11-26,headache,3
53c0c827,anemia_04,2024-11-26,heavy_bleeding,3
1408b196,anemia_04,2024-11-26,cramps,5
82b04925,anemia_04,2024-11-27,fatigue,5
d1db5bf3,anemia_04,2024-11-27,headache,4
6bbef907,anemia_04,2024-11-27,heavy_bleeding,2
203dd286,anemia_04,2024-11-27,cramps,4
5c9bc652,anemia_04,2024-11-27,dizziness,2
4963187e,anemia_04,2024-11-28,fatigue,2
1004e9b7,anemia_04,2024-11-28,heavy_bleeding,4
c342f29b,anemia_04,2024-11-28,cramps,5
b3b5fd6a,anemia_04,2024-11-29,headache,3
9b40004d,anemia_04,2024-11-29,heavy_bleeding,2
673cd945,anemia_04,2024-11-30,heavy_bleeding,3
165ccc7b,anemia_04,2024-11-30,cramps,5
c2b0dc28,anemia_04,2024-11-30,dizziness,2
0ec1baa9,anemia_04,2024-12-01,fatigue,3
42d26269,anemia_04,2024-12-01,headache,2
744f28d5,anemia_04,2024-12-01,heavy_bleeding,5
2f44bfd6,anemia_04,2024-12-01,cramps,3
8b44f211,anemia_04,2024-12-01,dizziness,5
be1d0890,anemia_04,2024-12-02,fatigue,2
0d7edeb1,anemia_04,2024-12-02,headache,2
aa21bb75,anemia_04,2024-12-02,heavy_bleeding,4
4094c43c,anemia_04,2024-12-02,cramps,5
2acd3a78,anemia_04,2024-12-02,dizziness,3
222156b7,anemia_04,2024-12-03,headache,4
35a2686f,anemia_04,2024-12-03,heavy_bleeding,2
9daa2455,anemia_04,2024-12-03,cramps,3
2dcf427a,anemia_04,2024-12-04,fatigue,5
ac35c40d,anemia_04,2024-12-04,heavy_bleeding,4
32eaeff9,anemia_04,2024-12-05,fatigue,4
280a9b66,anemia_04,2024-12-05,headache,2
b29babf9,anemia_04,2024-12-05,dizziness,2
94abec75,anemia_04,2024-12-06,headache,4
0ba20a91,anemia_04,2024-12-06,heavy_bleeding,2
d66af79d,anemia_04,2024-12-07,heavy_bleeding,4
122af0b1,anemia_04,2024-12-27,fatigue,5
e4f72083,anemia_04,2024-12-27,heavy_bleeding,4
8cc590f3,anemia_04,2024-12-28,fatigue,5
ea9070a2,anemia_04,2024-12-28,heavy_bleeding,4
e29ff8e1,anemia_04,2024-12-28,cramps,4
0038633b,anemia_04,2024-12-28,dizziness,4
2a768941,anemia_04,2024-12-29,fatigue,2
73339be1,anemia_04,2024-12-29,heavy_bleeding,4
047fdc3a,anemia_04,2024-12-29,cramps,4
9cf1ac5f,anemia_04,2024-12-30,fatigue,4
129769fc,anemia_04,2024-12-30,heavy_bleeding,5
b6b8b816,anemia_04,2024-12-31,fatigue,4
96b6187a,anemia_04,2024-12-31,dizziness,5
72b0afb6,anemia_04,2025-01-01,fatigue,2
01bcf94d,anemia_04,2025-01-01,headache,2
5bf8a2f4,anemia_04,2025-01-01,heavy_bleeding,4
12c85c08,anemia_04,2025-01-01,dizziness,2
12c348e1,anemia_04,2025-01-02,fatigue,4
dd1ec598,anemia_04,2025-01-02,headache,5
4675419b,anemia_04,2025-01-02,heavy_bleeding,3
10c5644d,anemia_04,2025-01-02,cramps,5
be455323,anemia_04,2025-01-03,fatigue,2
5e14000d,anemia_04,2025-01-03,headache,4
66fd77d1,anemia_04,2025-01-03,heavy_bleeding,4
ad6aea24,anemia_04,2025-01-03,dizziness,3
213ab091,anemia_04,2025-01-04,fatigue,4
2efdabda,anemia_04,2025-01-04,heavy_bleeding,5
a200d930,anemia_04,2025-01-04,dizziness,2
04391ec0,anemia_04,2025-01-05,fatigue,2
84c82660,anemia_04,2025-01-05,headache,2
fce9f2be,anemia_04,2025-01-05,heavy_bleeding,5
b49c8799,anemia_04,2025-01-24,fatigue,5
2233cc66,anemia_04,2025-01-24,headache,3
8af0e7a2,anemia_04,2025-01-24,heavy_bleeding,5
dd321638,anemia_04,2025-01-25,fatigue,3
ff91b4f5,anemia_04,2025-01-25,cramps,5
e41196ff,anemia_04,2025-01-26,fatigue,2
9dd07bf3,anemia_04,2025-01-26,headache,2
e9d5f328,anemia_04,2025-01-26,cramps,4
d7a0c09d,anemia_04,2025-01-27,fatigue,3
730ddc2e,anemia_04,2025-01-27,heavy_bleeding,5
68bacae9,anemia_04,2025-01-27,cramps,2
906b58d6,anemia_04,2025-01-28,fatigue,2
3654a55c,anemia_04,2025-01-28,heavy_bleeding,4
e4c017d4,anemia_04,2025-01-28,cramps,5
b459b51e,anemia_04,2025-01-29,fatigue,5
bfcb2432,anemia_04,2025-01-29,headache,2
3e9c4ca6,anemia_04,2025-01-29,heavy_bleeding,2
d0ca2ba8,anemia_04,2025-01-29,cramps,5
20e46e1b,anemia_04,2025-01-30,fatigue,3
e5f8ec4f,anemia_04,2025-01-30,headache,4
78d8b0e1,anemia_04,2025-01-30,heavy_bleeding,5
f1324c5a,anemia_04,2025-01-30,cramps,5
a48eabef,anemia_04,2025-01-31,fatigue,2
6a0adb51,anemia_04,2025-01-31,headache,5
2a0abf27,anemia_04,2025-01-31,heavy_bleeding,2
6652c6b5,anemia_04,2025-01-31,dizziness,3
820fe4e2,anemia_04,2025-02-01,fatigue,3
b61ac5ea,anemia_04,2025-02-01,headache,2
41e9935a,anemia_04,2025-02-01,heavy_bleeding,2
17011e54,anemia_04,2025-02-02,fatigue,4
ba7de80f,anemia_04,2025-02-02,headache,3
4cde1f54,anemia_04,2025-02-02,heavy_bleeding,5
b1ad5607,anemia_04,2025-02-02,cramps,3
0b35ea62,anemia_04,2025-02-03,fatigue,4
f1a2b620,anemia_04,2025-02-03,heavy_bleeding,2
6cc086eb,anemia_04,2025-02-03,cramps,2
c6bd31f5,anemia_04,2025-02-03,dizziness,4
c9267099,anemia_04,2025-02-04,fatigue,5
4aff807c,anemia_04,2025-02-04,heavy_bleeding,2
e678e2ed,anemia_04,2025-02-04,cramps,3
0847c51d,anemia_04,2025-02-04,dizziness,5
6c53da07,anemia_04,2025-02-05,fatigue,2
702e3355,anemia_04,2025-02-05,headache,5
0ec1be1a,anemia_04,2025-02-05,heavy_bleeding,2
961b85f1,anemia_04,2025-02-20,fatigue,2
c27b328f,anemia_04,2025-02-20,cramps,2
786e7f06,anemia_04,2025-02-21,fatigue,3
940bea1f,anemia_04,2025-02-21,headache,3
81e8a0cc,anemia_04,2025-02-22,fatigue,2
8e541851,anemia_04,2025-02-22,headache,5
daaa078d,anemia_04,2025-02-22,heavy_bleeding,5
56be56b5,anemia_04,2025-02-23,fatigue,5
7e539b59,anemia_04,2025-02-23,cramps,5
5171033a,anemia_04,2025-02-24,fatigue,5
0c58c2fc,anemia_04,2025-02-24,heavy_bleeding,4
d71a2df3,anemia_04,2025-02-24,cramps,5
89e1b08b,anemia_04,2025-02-25,fatigue,3
00a73319,anemia_04,2025-02-25,heavy_bleeding,3
93b986cf,anemia_04,2025-02-25,cramps,4
e5316675,anemia_04,2025-02-25,dizziness,2
bd421ac2,anemia_04,2025-02-26,fatigue,4
1cbd8b01,anemia_04,2025-02-26,headache,5
dae2e3e5,anemia_04,2025-02-26,heavy_bleeding,5
fe73b59c,anemia_04,2025-02-27,heavy_bleeding,2
af44111b,anemia_04,2025-02-28,fatigue,4
1ddbc4bd,anemia_04,2025-02-28,heavy_bleeding,2
a9bf09e4,anemia_04,2025-03-01,fatigue,4
b9a9b21f,anemia_04,2025-03-01,headache,3
86aa466b,anemia_04,2025-03-02,fatigue,2
771e44f8,anemia_04,2025-03-02,heavy_bleeding,2
98b60760,anemia_04,2025-03-02,cramps,4
3798b55d,anemia_04,2025-03-03,fatigue,2
3a6fe1c9,anemia_04,2025-03-03,heavy_bleeding,5
6cf1ed02,anemia_04,2025-03-03,dizziness,3
3d87a3a0,anemia_04,2025-03-18,fatigue,2
589ceb47,anemia_04,2025-03-19,fatigue,5
46c7959c,anemia_04,2025-03-19,headache,5
b115c82c,anemia_04,2025-03-19,heavy_bleeding,2
7cdb0e4b,anemia_04,2025-03-19,cramps,5
6e736ebf,anemia_04,2025-03-20,fatigue,3
3aaf2b7f,anemia_04,2025-03-20,headache,2
ccd680f6,anemia_04,2025-03-20,heavy_bleeding,2
a5ef82e8,anemia_04,2025-03-20,dizziness,4
259d9317,anemia_04,2025-03-21,headache,5
36062b19,anemia_04,2025-03-21,heavy_bleeding,2
e3bdf3ca,anemia_04,2025-03-21,cramps,3
861e8639,anemia_04,2025-03-22,fatigue,3
be53c1a3,anemia_04,2025-03-22,headache,4
39cabbf3,anemia_04,2025-03-22,heavy_bleeding,5
80d53e0a,anemia_04,2025-03-22,cramps,4
9c5b3f06,anemia_04,2025-03-22,dizziness,2
3a34a93a,anemia_04,2025-03-23,fatigue,3
d9f253a3,anemia_04,2025-03-23,heavy_bleeding,4
bbc66bce,anemia_04,2025-03-24,fatigue,4
afe76dbc,anemia_04,2025-03-24,headache,5
6728ce98,anemia_04,2025-03-24,heavy_bleeding,5
6a95a98c,anemia_04,2025-03-24,cramps,5
e3acd072,anemia_04,2025-03-25,headache,4
2b3856a6,anemia_04,2025-03-25,heavy_bleeding,2
210256b8,anemia_04,2025-03-26,fatigue,2
d667c466,anemia_04,2025-03-26,headache,2
82d37405,anemia_04,2025-03-26,cramps,2
ee184f17,anemia_04,2025-03-27,headache,4
1c87516f,anemia_04,2025-03-27,heavy_bleeding,2
4107e15f,anemia_04,2025-03-28,fatigue,4
595e9b3b,anemia_04,2025-03-28,headache,3
ccbbb469,anemia_04,2025-03-28,heavy_bleeding,3
4dd6dd46,anemia_04,2025-03-28,cramps,3
c4777053,anemia_04,2025-04-14,headache,3
69c63b5d,anemia_04,2025-04-14,heavy_bleeding,3
e544d98b,anemia_04,2025-04-14,cramps,3
978a3803,anemia_04,2025-04-15,fatigue,3
db6fada7,anemia_04,2025-04-15,heavy_bleeding,2
558c7448,anemia_04,2025-04-15,cramps,3
0774612d,anemia_04,2025-04-16,fatigue,2
09c1952c,anemia_04,2025-04-16,headache,2
f0705476,anemia_04,2025-04-16,heavy_bleeding,3
30c29a8a,anemia_04,2025-04-16,dizziness,2
33e09505,anemia_04,2025-04-17,fatigue,4
26bb28b3,anemia_04,2025-04-17,headache,2
7f87e35f,anemia_04,2025-04-17,heavy_bleeding,5
e808a966,anemia_04,2025-04-17,cramps,4
d695dfeb,anemia_04,2025-04-18,fatigue,3
cfcedb1e,anemia_04,2025-04-18,heavy_bleeding,3
599a6366,anemia_04,2025-04-18,cramps,4
e8c4600a,anemia_04,2025-04-19,heavy_bleeding,4
3b052645,anemia_04,2025-04-19,cramps,5
ca32d105,anemia_04,2025-04-20,fatigue,2
3814b0cd,anemia_04,2025-04-20,heavy_bleeding,2
44c566d0,anemia_04,2025-04-20,dizziness,3
5d2a2359,anemia_04,2025-04-21,fatigue,2
1c68e425,anemia_04,2025-04-21,headache,5
f4fdb9b9,anemia_04,2025-04-21,dizziness,2
19a97365,anemia_04,2025-04-22,fatigue,2
4534f1e7,anemia_04,2025-04-22,headache,3
8aa8d842,anemia_04,2025-04-22,heavy_bleeding,3
44e68394,anemia_04,2025-04-23,fatigue,2
a8537410,anemia_04,2025-04-23,heavy_bleeding,3
a362d71f,anemia_04,2025-04-23,cramps,3
982ed3e2,anemia_04,2025-04-24,fatigue,2
986f2aff,anemia_04,2025-04-24,heavy_bleeding,5
6a20f444,anemia_04,2025-05-10,fatigue,3
4f16f645,anemia_04,2025-05-10,headache,3
3871e532,anemia_04,2025-05-10,heavy_bleeding,5
471313c0,anemia_04,2025-05-11,headache,2
db188044,anemia_04,2025-05-11,heavy_bleeding,5
56a20e85,anemia_04,2025-05-11,cramps,2
fd3b93a6,anemia_04,2025-05-12,fatigue,3
b52ca573,anemia_04,2025-05-12,headache,2
63cbf458,anemia_04,2025-05-12,heavy_bleeding,2
09ee3c0d,anemia_04,2025-05-12,cramps,3
db2128d0,anemia_04,2025-05-12,dizziness,5
25ae84a4,anemia_04,2025-05-13,fatigue,5
dd46d7e0,anemia_04,2025-05-13,headache,5
b3c7405d,anemia_04,2025-05-13,heavy_bleeding,2
7b230497,anemia_04,2025-05-13,cramps,5
cd46330f,anemia_04,2025-05-14,fatigue,3
bbf61ec2,anemia_04,2025-05-14,headache,2
ce32c76d,anemia_04,2025-05-14,cramps,5
fa674a17,anemia_04,2025-05-14,dizziness,5
9ba3cf14,anemia_04,2025-05-15,fatigue,5
37268a6d,anemia_04,2025-05-15,heavy_bleeding,2
2b17ae19,anemia_04,2025-05-15,dizziness,2
738f120a,anemia_04,2025-05-16,fatigue,3
ffbbef92,anemia_04,2025-05-16,headache,4
fe9cd0f4,anemia_04,2025-05-16,heavy_bleeding,2
5a5eb463,anemia_04,2025-05-16,cramps,2
b6d611db,anemia_04,2025-05-17,fatigue,3
dd33e42c,anemia_04,2025-05-17,heavy_bleeding,5
32bde9c5,anemia_04,2025-05-18,fatigue,2
b89d2f88,anemia_04,2025-05-18,heavy_bleeding,4
4ab4ac00,anemia_04,2025-05-18,cramps,2
ec6ff82b,anemia_04,2025-05-19,headache,4
88884869,anemia_04,2025-05-19,heavy_bleeding,5
9144c6d7,anemia_04,2025-05-19,cramps,2
1a599852,anemia_04,2025-05-20,fatigue,4
0464e872,anemia_04,2025-05-20,heavy_bleeding,3
135fd301,anemia_04,2025-05-20,cramps,4
5f8d5087,anemia_04,2025-05-21,headache,3
12881cc3,anemia_04,2025-05-21,heavy_bleeding,3
b3f38b44,anemia_04,2025-05-21,cramps,2
67c049bc,anemia_04,2025-06-10,fatigue,2
653b6f60,anemia_04,2025-06-10,headache,5
cfed3c92,anemia_04,2025-06-10,heavy_bleeding,4
8b13fa07,anemia_04,2025-06-10,cramps,2
8290bc10,anemia_04,2025-06-11,fatigue,2
6124dad7,anemia_04,2025-06-11,heavy_bleeding,3
c1875c0b,anemia_04,2025-06-12,fatigue,3
bfbc7130,anemia_04,2025-06-12,headache,3
96bc64b5,anemia_04,2025-06-12,heavy_bleeding,5
1bb6e6d6,anemia_04,2025-06-12,cramps,2
7ffe9538,anemia_04,2025-06-12,dizziness,4
80c7827b,anemia_04,2025-06-13,fatigue,2
819cec94,anemia_04,2025-06-13,headache,5
3c2a8725,anemia_04,2025-06-13,heavy_bleeding,2
59db4fa5,anemia_04,2025-06-13,cramps,3
a6305063,anemia_04,2025-06-14,fatigue,5
ef89574c,anemia_04,2025-06-14,heavy_bleeding,3
d6c3917e,anemia_04,2025-06-14,cramps,4
f8d8dee8,anemia_04,2025-06-15,fatigue,3
053f0e9b,anemia_04,2025-06-15,heavy_bleeding,3
e3e18956,anemia_04,2025-06-15,cramps,2
2acc4dc7,anemia_04,2025-06-15,dizziness,5
8da93144,anemia_04,2025-06-16,fatigue,3
276c36c4,anemia_04,2025-06-16,headache,4
564d2348,anemia_04,2025-06-17,fatigue,5
0a1e6d17,anemia_04,2025-06-17,headache,2
3d8cc52e,anemia_04,2025-06-17,heavy_bleeding,4
5e67005d,anemia_04,2025-06-17,cramps,4
07caf326,anemia_04,2025-06-18,fatigue,2
509f02a1,anemia_04,2025-06-18,heavy_bleeding,4
0e5bceaf,anemia_04,2025-06-18,dizziness,3
b5aaea7b,anemia_04,2025-06-19,fatigue,4
40fe300d,anemia_04,2025-06-19,heavy_bleeding,4
3b8d6f9d,anemia_04,2025-06-19,cramps,5
5f22f549,anemia_04,2025-06-20,fatigue,3
fcbaae6e,anemia_04,2025-06-20,heavy_bleeding,5
b0aea767,anemia_04,2025-06-20,cramps,5
65f458ce,anemia_04,2025-07-03,fatigue,4
198ddcfd,anemia_04,2025-07-03,heavy_bleeding,3
b6a217b2,anemia_04,2025-07-03,cramps,5
779897a6,anemia_04,2025-07-04,heavy_bleeding,3
b2827b88,anemia_04,2025-07-05,fatigue,5
55444f98,anemia_04,2025-07-05,headache,4
50e9ab83,anemia_04,2025-07-05,heavy_bleeding,4
b71aa10d,anemia_04,2025-07-05,cramps,5
45424b26,anemia_04,2025-07-05,dizziness,5
85a7166e,anemia_04,2025-07-06,fatigue,2
998b9c86,anemia_04,2025-07-06,headache,4
efd376b8,anemia_04,2025-07-06,heavy_bleeding,5
4ab75060,anemia_04,2025-07-06,cramps,2
2e347089,anemia_04,2025-07-07,fatigue,5
91c5f0bb,anemia_04,2025-07-07,heavy_bleeding,4
7369bd62,anemia_04,2025-07-08,fatigue,5
debd32bc,anemia_04,2025-07-08,headache,4
a7e48dbf,anemia_04,2025-07-08,heavy_bleeding,5
1c184d69,anemia_04,2025-07-08,cramps,2
cc82772d,anemia_04,2025-07-08,dizziness,5
572e41c6,anemia_04,2025-07-09,fatigue,4
e34f22c9,anemia_04,2025-07-09,heavy_bleeding,2
53bd1819,anemia_04,2025-07-09,cramps,5
a061ad89,anemia_04,2025-07-09,dizziness,2
8e401346,anemia_04,2025-07-10,fatigue,2
2eae2868,anemia_04,2025-07-10,headache,2
34cd2a57,anemia_04,2025-07-10,heavy_bleeding,4
dde89b38,anemia_04,2025-07-11,fatigue,4
83d851ff,anemia_04,2025-07-11,cramps,2
7fc7623e,anemia_04,2025-07-11,dizziness,4
c583cd84,anemia_04,2025-07-31,fatigue,5
935ceedf,anemia_04,2025-07-31,dizziness,2
10c2d5d5,anemia_04,2025-08-01,headache,3
d6d70923,anemia_04,2025-08-01,heavy_bleeding,5
06fba61f,anemia_04,2025-08-02,fatigue,3
6bbf1ae0,anemia_04,2025-08-02,headache,5
e2cace5a,anemia_04,2025-08-02,cramps,5
13e982ce,anemia_04,2025-08-03,fatigue,5
6a915b9b,anemia_04,2025-08-03,headache,5
e6bbfe8b,anemia_04,2025-08-03,heavy_bleeding,2
3e6b56ca,anemia_04,2025-08-04,fatigue,4
fd9d4e1e,anemia_04,2025-08-04,headache,3
f35e9137,anemia_04,2025-08-04,heavy_bleeding,2
44907348,anemia_04,2025-08-04,cramps,3
82296e96,anemia_04,2025-08-04,dizziness,5
b8fe14e4,anemia_04,2025-08-05,heavy_bleeding,4
1cb34123,anemia_04,2025-08-06,fatigue,5
5846732e,anemia_04,2025-08-06,headache,5
bf591f49,anemia_04,2025-08-06,heavy_bleeding,4
409ff833,anemia_04,2025-08-06,cramps,4
f64bbb25,anemia_04,2025-08-07,fatigue,5
66d8ff32,anemia_04,2025-08-07,heavy_bleeding,2
ae8e22b6,anemia_04,2025-08-07,dizziness,4
e42c72f4,anemia_04,2025-08-08,fatigue,4
28b7ce3c,anemia_04,2025-08-08,headache,5
c6a73321,anemia_04,2025-08-08,heavy_bleeding,5
bbc3e04d,anemia_04,2025-08-09,fatigue,2
afd2585e,anemia_04,2025-08-09,headache,2
5c257d0c,anemia_04,2025-08-09,heavy_bleeding,4
4f513bd7,anemia_04,2025-08-09,cramps,3
f255f229,anemia_04,2025-08-10,fatigue,2
ba31e016,anemia_04,2025-08-10,headache,4
2521b488,anemia_04,2025-08-10,heavy_bleeding,2
54b2effe,anemia_04,2025-08-10,dizziness,3
6c7c5a70,anemia_04,2025-08-11,fatigue,5
bb4d3e32,anemia_04,2025-08-11,headache,4
9bb20f47,anemia_04,2025-08-11,heavy_bleeding,4
26cc88c0,anemia_04,2025-08-11,cramps,3
ab7f51b3,anemia_04,2025-08-12,fatigue,5
bc055c58,anemia_04,2025-08-12,headache,5
46953f4a,anemia_04,2025-08-12,heavy_bleeding,4
3d73356d,anemia_04,2025-08-12,dizziness,5
eab2de48,anemia_04,2025-08-21,fatigue,5
42950f8f,anemia_04,2025-08-21,headache,3
f98f4516,anemia_04,2025-08-21,heavy_bleeding,4
38321045,anemia_04,2025-08-21,cramps,2
a45acc96,anemia_04,2025-08-22,fatigue,2
349a0fc1,anemia_04,2025-08-22,headache,5
d027cd2b,anemia_04,2025-08-22,heavy_bleeding,4
3423d92b,anemia_04,2025-08-23,fatigue,3
682bceb7,anemia_04,2025-08-23,headache,4
600995a3,anemia_04,2025-08-23,heavy_bleeding,3
b5752b58,anemia_04,2025-08-23,cramps,5
debf1567,anemia_04,2025-08-23,dizziness,4
e4b4cc05,anemia_04,2025-08-24,headache,2
e0436253,anemia_04,2025-08-24,dizziness,2
6460419d,anemia_04,2025-08-25,fatigue,4
c32c631e,anemia_04,2025-08-25,headache,2
935e54dd,anemia_04,2025-08-25,heavy_bleeding,4
85ee815f,anemia_04,2025-08-25,cramps,4
e86bcec5,anemia_04,2025-08-26,fatigue,2
0c99e62a,anemia_04,2025-08-26,cramps,3
6b70137b,anemia_04,2025-08-27,fatigue,5
3c6c9648,anemia_04,2025-08-27,heavy_bleeding,2
481f3612,anemia_04,2025-08-27,cramps,3
bf27698e,anemia_04,2025-08-27,dizziness,3
91773ab5,anemia_04,2025-08-28,fatigue,4
1c5461f5,anemia_04,2025-08-28,headache,5
b1757a2c,anemia_04,2025-08-28,heavy_bleeding,4
8c30efad,anemia_04,2025-08-29,fatigue,3
26d37091,anemia_04,2025-08-29,heavy_bleeding,2
f53a5f60,anemia_04,2025-08-29,cramps,3
a52dd560,anemia_04,2025-08-29,dizziness,2
e02c28d7,anemia_04,2025-08-30,fatigue,3
650302da,anemia_04,2025-08-30,headache,3
d5efa06d,anemia_04,2025-08-30,heavy_bleeding,2
ed71b331,anemia_04,2025-08-30,cramps,4
314032f9,anemia_04,2025-08-31,headache,3
1b966426,anemia_04,2025-08-31,heavy_bleeding,5
94528592,anemia_04,2025-08-31,cramps,2
e519fa2c,anemia_04,2025-08-31,dizziness,2
924c21c9,anemia_05,2024-01-01,fatigue,5
3ea035fc,anemia_05,2024-01-01,headache,4
5dd90a53,anemia_05,2024-01-01,heavy_bleeding,3
aedc2d53,anemia_05,2024-01-02,fatigue,3
3d37ab0f,anemia_05,2024-01-02,headache,2
e369c2c8,anemia_05,2024-01-02,cramps,4
99175c4f,anemia_05,2024-01-02,dizziness,3
c23fef07,anemia_05,2024-01-03,heavy_bleeding,3
9ffa727e,anemia_05,2024-01-03,cramps,5
b12d3896,anemia_05,2024-01-04,fatigue,2
af72cf0d,anemia_05,2024-01-04,headache,4
85ffb98f,anemia_05,2024-01-04,heavy_bleeding,4
9d2a456b,anemia_05,2024-01-04,cramps,4
96fe78f0,anemia_05,2024-01-05,fatigue,5
26ce1bcd,anemia_05,2024-01-05,heavy_bleeding,4
4be77065,anemia_05,2024-01-05,dizziness,3
fef79919,anemia_05,2024-01-06,fatigue,5
e7b3349e,anemia_05,2024-01-06,heavy_bleeding,2
e333ffc0,anemia_05,2024-01-06,dizziness,4
fed8e41b,anemia_05,2024-01-07,fatigue,4
6486d6ff,anemia_05,2024-01-08,fatigue,5
479db6d7,anemia_05,2024-01-08,headache,2
3fdffa18,anemia_05,2024-01-08,heavy_bleeding,2
bf3c8d09,anemia_05,2024-01-09,fatigue,5
197f4acb,anemia_05,2024-01-09,headache,4
08e86838,anemia_05,2024-01-10,fatigue,5
5cb4c81c,anemia_05,2024-01-10,headache,2
8ea5cdc3,anemia_05,2024-01-10,heavy_bleeding,3
c7affccf,anemia_05,2024-01-10,dizziness,2
a2aea9be,anemia_05,2024-01-11,fatigue,5
4f09142b,anemia_05,2024-01-11,headache,2
4acf4b2c,anemia_05,2024-01-11,heavy_bleeding,3
8fc218bd,anemia_05,2024-01-12,fatigue,3
035faa13,anemia_05,2024-01-12,headache,5
155d9292,anemia_05,2024-01-12,heavy_bleeding,3
86b8b9ff,anemia_05,2024-01-28,fatigue,5
8e412c18,anemia_05,2024-01-28,headache,2
1a58eebd,anemia_05,2024-01-28,heavy_bleeding,4
0afbf56b,anemia_05,2024-01-28,cramps,4
082ef08a,anemia_05,2024-01-29,fatigue,5
404d8292,anemia_05,2024-01-29,headache,2
7f5f1f60,anemia_05,2024-01-29,heavy_bleeding,5
7e5bbc3f,anemia_05,2024-01-30,fatigue,4
ab01e04e,anemia_05,2024-01-30,headache,4
012beff7,anemia_05,2024-01-31,fatigue,4
7319bd17,anemia_05,2024-01-31,headache,5
aa7d0f39,anemia_05,2024-01-31,heavy_bleeding,4
ae080afc,anemia_05,2024-02-01,fatigue,3
ccc12f4f,anemia_05,2024-02-01,heavy_bleeding,2
8681eb69,anemia_05,2024-02-02,heavy_bleeding,4
30771825,anemia_05,2024-02-02,cramps,5
fc7eaa7a,anemia_05,2024-02-02,dizziness,2
a555e747,anemia_05,2024-02-03,fatigue,3
18f1c5a4,anemia_05,2024-02-03,headache,2
744ca96c,anemia_05,2024-02-03,heavy_bleeding,3
578169ee,anemia_05,2024-02-03,cramps,5
8a1631fb,anemia_05,2024-02-04,headache,2
94630d77,anemia_05,2024-02-04,heavy_bleeding,4
26a9f6d6,anemia_05,2024-02-04,cramps,2
fa52ca5a,anemia_05,2024-02-05,fatigue,5
49a5a42b,anemia_05,2024-02-05,heavy_bleeding,2
d715ba1e,anemia_05,2024-02-05,dizziness,4
5d6cec91,anemia_05,2024-02-06,fatigue,2
37ea770c,anemia_05,2024-02-06,heavy_bleeding,3
cdf9e9b5,anemia_05,2024-02-06,cramps,4
db44c506,anemia_05,2024-02-06,dizziness,5
f410694c,anemia_05,2024-02-07,fatigue,5
62af3fe5,anemia_05,2024-02-07,headache,5
5b752834,anemia_05,2024-02-07,heavy_bleeding,5
22412619,anemia_05,2024-02-08,fatigue,5
7d1012dd,anemia_05,2024-02-08,headache,4
3c831bcc,anemia_05,2024-02-08,heavy_bleeding,2
440bcd93,anemia_05,2024-02-08,cramps,5
2ea0208b,anemia_05,2024-02-23,fatigue,3
6f99c22b,anemia_05,2024-02-23,headache,2
40ad53d0,anemia_05,2024-02-23,heavy_bleeding,4
aa2af007,anemia_05,2024-02-24,fatigue,2
ce3b2b72,anemia_05,2024-02-24,headache,5
ec019840,anemia_05,2024-02-24,heavy_bleeding,5
a71dbc54,anemia_05,2024-02-25,headache,5
ffeeec88,anemia_05,2024-02-25,heavy_bleeding,2
2211a671,anemia_05,2024-02-25,cramps,4
b36c874c,anemia_05,2024-02-25,dizziness,2
c39023eb,anemia_05,2024-02-26,heavy_bleeding,5
132f4ca8,anemia_05,2024-02-26,cramps,3
fe530bc6,anemia_05,2024-02-26,dizziness,5
259a61e0,anemia_05,2024-02-27,fatigue,2
30ca3151,anemia_05,2024-02-27,headache,2
f113ded1,anemia_05,2024-02-27,heavy_bleeding,2
9941dc41,anemia_05,2024-02-27,cramps,2
38d9da9f,anemia_05,2024-02-27,dizziness,5
023d98f3,anemia_05,2024-02-28,fatigue,2
a738d21b,anemia_05,2024-02-28,headache,2
b71fb871,anemia_05,2024-02-28,heavy_bleeding,5
a8eccb0c,anemia_05,2024-02-28,cramps,5
725d1867,anemia_05,2024-02-29,fatigue,4
fb550fd9,anemia_05,2024-02-29,headache,2
589b82c2,anemia_05,2024-02-29,heavy_bleeding,5
28a04f19,anemia_05,2024-03-01,fatigue,5
3f94dfc7,anemia_05,2024-03-01,cramps,3
bc4445c6,anemia_05,2024-03-01,dizziness,5
9ae1ea28,anemia_05,2024-03-02,fatigue,4
8436b534,anemia_05,2024-03-02,heavy_bleeding,3
bbcfa54b,anemia_05,2024-03-02,cramps,3
ef3fb5fd,anemia_05,2024-03-17,fatigue,5
9fbad0ce,anemia_05,2024-03-17,heavy_bleeding,4
f4188d6b,anemia_05,2024-03-17,dizziness,3
de24848a,anemia_05,2024-03-18,fatigue,2
bc292228,anemia_05,2024-03-18,heavy_bleeding,4
eb09d18b,anemia_05,2024-03-18,cramps,4
ae4f3024,anemia_05,2024-03-19,fatigue,2
cbbbed22,anemia_05,2024-03-19,heavy_bleeding,3
1b743935,anemia_05,2024-03-19,cramps,3
6d50f071,anemia_05,2024-03-20,fatigue,4
6eb446b5,anemia_05,2024-03-20,headache,2
e7d5c86c,anemia_05,2024-03-20,heavy_bleeding,3
54912818,anemia_05,2024-03-20,dizziness,4
2af5ac4b,anemia_05,2024-03-21,fatigue,5
f0945c61,anemia_05,2024-03-21,headache,2
aec7953f,anemia_05,2024-03-21,heavy_bleeding,5
ae7c4d60,anemia_05,2024-03-21,cramps,4
fa61dc3f,anemia_05,2024-03-21,dizziness,4
ff7e2ead,anemia_05,2024-03-22,fatigue,3
63992f0b,anemia_05,2024-03-22,heavy_bleeding,2
fa511c2e,anemia_05,2024-03-22,cramps,5
de08c253,anemia_05,2024-03-23,fatigue,2
c3bed524,anemia_05,2024-03-23,heavy_bleeding,2
2ed19390,anemia_05,2024-03-23,cramps,2
e4416e3b,anemia_05,2024-03-24,fatigue,2
152a2310,anemia_05,2024-03-24,headache,5
a80fe33b,anemia_05,2024-03-24,heavy_bleeding,4
5a2074aa,anemia_05,2024-03-24,cramps,4
09b4e4db,anemia_05,2024-03-24,dizziness,4
e7fa0ea3,anemia_05,2024-03-25,fatigue,4
ca5051ba,anemia_05,2024-03-25,heavy_bleeding,4
8590223e,anemia_05,2024-03-25,cramps,3
e9dd1d20,anemia_05,2024-04-16,fatigue,2
30d172bc,anemia_05,2024-04-16,heavy_bleeding,5
9c609c0a,anemia_05,2024-04-17,fatigue,5
8f8f29e9,anemia_05,2024-04-17,heavy_bleeding,5
d3818862,anemia_05,2024-04-18,fatigue,4
540e7844,anemia_05,2024-04-18,headache,2
f47fa192,anemia_05,2024-04-18,heavy_bleeding,5
fe27e032,anemia_05,2024-04-18,dizziness,2
58db3989,anemia_05,2024-04-19,fatigue,5
fb2df7c8,anemia_05,2024-04-19,cramps,2
c136a613,anemia_05,2024-04-20,fatigue,2
229f5916,anemia_05,2024-04-20,heavy_bleeding,4
6bbcaaba,anemia_05,2024-04-20,cramps,4
c6cf6a55,anemia_05,2024-04-21,fatigue,5
3253eaa4,anemia_05,2024-04-21,headache,4
9569a2b8,anemia_05,2024-04-21,heavy_bleeding,3
f2641aad,anemia_05,2024-04-21,cramps,2
728f48ae,anemia_05,2024-04-21,dizziness,2
8974bc95,anemia_05,2024-04-22,fatigue,4
cb67aac8,anemia_05,2024-04-22,headache,5
e837374c,anemia_05,2024-04-22,heavy_bleeding,4
851d47a8,anemia_05,2024-04-22,cramps,5
b8298166,anemia_05,2024-04-22,dizziness,3
b0e1b4b9,anemia_05,2024-04-23,fatigue,4
6ac149bb,anemia_05,2024-04-23,heavy_bleeding,4
cc64dc27,anemia_05,2024-04-23,dizziness,4
34cd13bc,anemia_05,2024-04-24,fatigue,4
8178787f,anemia_05,2024-04-24,cramps,4
f0acf756,anemia_05,2024-04-24,dizziness,2
31d53dc1,anemia_05,2024-04-25,fatigue,3
21469f0c,anemia_05,2024-04-25,cramps,4
81fad711,anemia_05,2024-05-12,fatigue,5
a0040218,anemia_05,2024-05-12,heavy_bleeding,4
0cc8f6c4,anemia_05,2024-05-12,cramps,3
4735e632,anemia_05,2024-05-13,fatigue,4
fb38d84f,anemia_05,2024-05-13,heavy_bleeding,4
b79e5327,anemia_05,2024-05-13,cramps,3
0ae3abf0,anemia_05,2024-05-13,dizziness,2
d3a56d6d,anemia_05,2024-05-14,fatigue,4
c9609ba2,anemia_05,2024-05-14,heavy_bleeding,5
cae1b94a,anemia_05,2024-05-15,fatigue,4
29aa4364,anemia_05,2024-05-15,heavy_bleeding,4
134b6cbc,anemia_05,2024-05-16,fatigue,3
196af8bb,anemia_05,2024-05-16,headache,2
0d9f1a80,anemia_05,2024-05-16,heavy_bleeding,3
8e13f7a6,anemia_05,2024-05-16,dizziness,5
4d1ef819,anemia_05,2024-05-17,fatigue,3
1c0c75d7,anemia_05,2024-05-17,heavy_bleeding,3
15e0d4e0,anemia_05,2024-05-17,cramps,3
dcfd85eb,anemia_05,2024-05-17,dizziness,3
9e7229a8,anemia_05,2024-05-18,fatigue,3
c3a2b98c,anemia_05,2024-05-18,heavy_bleeding,5
479ee990,anemia_05,2024-05-19,fatigue,5
958e2d58,anemia_05,2024-05-19,headache,2
b06b58b7,anemia_05,2024-05-19,heavy_bleeding,3
9187fbfb,anemia_05,2024-05-19,cramps,2
8c2fb9df,anemia_05,2024-05-20,fatigue,4
620ef60c,anemia_05,2024-05-20,heavy_bleeding,2
c1638f04,anemia_05,2024-05-20,dizziness,3
cbfe98a1,anemia_05,2024-05-21,fatigue,4
9635fd18,anemia_05,2024-05-21,headache,3
6b1a257a,anemia_05,2024-05-21,heavy_bleeding,3
38d3e775,anemia_05,2024-05-21,cramps,4
626b9d05,anemia_05,2024-05-22,fatigue,3
1e8112f3,anemia_05,2024-05-22,heavy_bleeding,2
0c98b821,anemia_05,2024-05-23,fatigue,4
7e2340f9,anemia_05,2024-05-23,dizziness,2
6ead0749,anemia_05,2024-05-24,fatigue,3
22ae8f04,anemia_05,2024-05-24,heavy_bleeding,3
35f6a264,anemia_05,2024-06-09,headache,2
97ba4d56,anemia_05,2024-06-09,heavy_bleeding,4
d0526e36,anemia_05,2024-06-09,cramps,3
93ffca5c,anemia_05,2024-06-10,fatigue,2
63a5e5d7,anemia_05,2024-06-10,heavy_bleeding,4
3f4cd3e7,anemia_05,2024-06-11,fatigue,5
8f3e6049,anemia_05,2024-06-11,headache,4
1aefa1f3,anemia_05,2024-06-11,heavy_bleeding,5
8eeb8eab,anemia_05,2024-06-11,cramps,5
e5d0e283,anemia_05,2024-06-11,dizziness,5
cf673d84,anemia_05,2024-06-12,heavy_bleeding,2
5e9993cd,anemia_05,2024-06-13,fatigue,3
049e0334,anemia_05,2024-06-13,headache,2
9fe05218,anemia_05,2024-06-13,heavy_bleeding,3
a4e4fff1,anemia_05,2024-06-14,heavy_bleeding,4
f083dbf4,anemia_05,2024-06-14,cramps,4
72eb9f5c,anemia_05,2024-06-15,fatigue,5
e603c4e8,anemia_05,2024-06-15,heavy_bleeding,4
a9c7ac51,anemia_05,2024-06-15,cramps,3
30184cef,anemia_05,2024-06-16,headache,3
78c37e0f,anemia_05,2024-06-16,heavy_bleeding,3
e72afe5f,anemia_05,2024-06-17,fatigue,4
e45a368b,anemia_05,2024-06-17,heavy_bleeding,5
63b18eae,anemia_05,2024-06-17,cramps,2
e92c6cd2,anemia_05,2024-07-09,fatigue,3
49ea918e,anemia_05,2024-07-09,heavy_bleeding,2
14d12a7d,anemia_05,2024-07-09,cramps,5
a41258d4,anemia_05,2024-07-10,fatigue,3
ea426679,anemia_05,2024-07-10,heavy_bleeding,3
ac008baa,anemia_05,2024-07-11,fatigue,2
17319201,anemia_05,2024-07-11,headache,3
18f47ecb,anemia_05,2024-07-11,heavy_bleeding,4
cbeaa036,anemia_05,2024-07-12,fatigue,2
b4b31797,anemia_05,2024-07-12,headache,3
211020d2,anemia_05,2024-07-12,heavy_bleeding,4
f25fb63c,anemia_05,2024-07-12,cramps,4
128afb10,anemia_05,2024-07-13,fatigue,5
3c6b651e,anemia_05,2024-07-13,heavy_bleeding,2
c4d252d2,anemia_05,2024-07-13,dizziness,4
d37b8f06,anemia_05,2024-07-14,fatigue,3
01e07ea2,anemia_05,2024-07-14,headache,2
f9f3a0d3,anemia_05,2024-07-14,heavy_bleeding,5
7245bfed,anemia_05,2024-07-15,fatigue,2
06e4bf8a,anemia_05,2024-07-15,headache,4
af862b5b,anemia_05,2024-07-15,heavy_bleeding,3
210f107f,anemia_05,2024-07-15,dizziness,5
787be117,anemia_05,2024-07-16,fatigue,5
2cbc9027,anemia_05,2024-07-16,headache,4
4e27b354,anemia_05,2024-07-16,dizziness,4
7cd9b41b,anemia_05,2024-07-17,fatigue,5
e971f8b1,anemia_05,2024-07-17,headache,2
dbcc4ded,anemia_05,2024-07-17,cramps,5
4eb27445,anemia_05,2024-08-06,fatigue,3
07fd0f6c,anemia_05,2024-08-06,heavy_bleeding,2
115242d5,anemia_05,2024-08-07,fatigue,3
9f38b1ae,anemia_05,2024-08-07,headache,4
efddf4e9,anemia_05,2024-08-07,heavy_bleeding,2
212ae8f2,anemia_05,2024-08-08,fatigue,5
c0028548,anemia_05,2024-08-08,headache,5
61933a21,anemia_05,2024-08-08,heavy_bleeding,4
f5ad819f,anemia_05,2024-08-08,cramps,2
9a1879c4,anemia_05,2024-08-09,headache,5
9eeb7cc6,anemia_05,2024-08-09,heavy_bleeding,3
ca60e727,anemia_05,2024-08-09,cramps,3
91b10c1a,anemia_05,2024-08-09,dizziness,3
a1348150,anemia_05,2024-08-10,headache,5
0cc67598,anemia_05,2024-08-10,heavy_bleeding,2
9744bfd0,anemia_05,2024-08-10,cramps,3
5a29b596,anemia_05,2024-08-11,fatigue,2
d849caeb,anemia_05,2024-08-11,headache,2
3b1a980b,anemia_05,2024-08-11,heavy_bleeding,2
fca6ce35,anemia_05,2024-08-11,cramps,3
27986310,anemia_05,2024-08-12,fatigue,4
0df9a57f,anemia_05,2024-08-12,headache,2
c04e9fd5,anemia_05,2024-08-12,cramps,3
6f9d51b3,anemia_05,2024-08-12,dizziness,3
27e25779,anemia_05,2024-08-13,fatigue,4
c79a0c61,anemia_05,2024-08-13,headache,4
1ad39df5,anemia_05,2024-08-13,heavy_bleeding,5
fb8933e1,anemia_05,2024-08-13,cramps,5
da97c1e9,anemia_05,2024-08-13,dizziness,2
0ab129e9,anemia_05,2024-08-14,fatigue,4
43110721,anemia_05,2024-08-14,headache,2
d2395e4a,anemia_05,2024-08-14,heavy_bleeding,2
04e3a7d1,anemia_05,2024-08-14,cramps,3
df7df653,anemia_05,2024-08-15,fatigue,5
9ee81d7d,anemia_05,2024-08-15,heavy_bleeding,3
269716e2,anemia_05,2024-08-15,cramps,2
d96ba0b4,anemia_05,2024-08-15,dizziness,5
73f9a76d,anemia_05,2024-08-16,headache,2
b9c23674,anemia_05,2024-08-16,cramps,2
327fbecf,anemia_05,2024-08-17,fatigue,5
8239c871,anemia_05,2024-08-17,heavy_bleeding,3
0f78c255,anemia_05,2024-08-17,dizziness,5
3763358f,anemia_05,2024-09-04,fatigue,4
d538b5d0,anemia_05,2024-09-04,headache,2
e7d706d2,anemia_05,2024-09-04,heavy_bleeding,3
6c9efc7e,anemia_05,2024-09-05,fatigue,3
d4bc8946,anemia_05,2024-09-05,heavy_bleeding,2
beb68fb4,anemia_05,2024-09-06,fatigue,4
60fd7461,anemia_05,2024-09-06,heavy_bleeding,4
9b8828a5,anemia_05,2024-09-06,cramps,2
13468bce,anemia_05,2024-09-07,fatigue,4
5908f92f,anemia_05,2024-09-07,dizziness,3
59dde078,anemia_05,2024-09-08,fatigue,2
1bfcf65c,anemia_05,2024-09-08,heavy_bleeding,2
c5d24883,anemia_05,2024-09-09,fatigue,3
9bbd330a,anemia_05,2024-09-09,headache,2
60acb6fa,anemia_05,2024-09-09,heavy_bleeding,2
ca96056a,anemia_05,2024-09-09,dizziness,5
ad8f2d08,anemia_05,2024-09-10,fatigue,3
b1b13945,anemia_05,2024-09-10,headache,2
a9af2deb,anemia_05,2024-09-10,heavy_bleeding,5
5a3c7cb2,anemia_05,2024-09-10,cramps,4
53c6bee0,anemia_05,2024-09-11,fatigue,2
4fdae384,anemia_05,2024-09-11,cramps,2
9afff808,anemia_05,2024-09-11,dizziness,4
c0e4a65f,anemia_05,2024-09-12,fatigue,3
3ff76ba5,anemia_05,2024-09-12,heavy_bleeding,2
8dbb42c9,anemia_05,2024-09-12,cramps,4
bade1401,anemia_05,2024-09-28,fatigue,2
1cfccab5,anemia_05,2024-09-28,headache,4
159402a1,anemia_05,2024-09-28,heavy_bleeding,4
e4c7e48e,anemia_05,2024-09-28,dizziness,4
7469a8bf,anemia_05,2024-09-29,fatigue,4
b1a7c31d,anemia_05,2024-09-29,heavy_bleeding,2
d098c338,anemia_05,2024-09-30,fatigue,3
3123a0e2,anemia_05,2024-09-30,headache,2
16a11c3f,anemia_05,2024-09-30,heavy_bleeding,4
f7cb14be,anemia_05,2024-09-30,cramps,2
b43f51fa,anemia_05,2024-10-01,fatigue,2
d2433c07,anemia_05,2024-10-01,heavy_bleeding,2
6e54b349,anemia_05,2024-10-01,cramps,4
c1410ed8,anemia_05,2024-10-01,dizziness,3
93ea5001,anemia_05,2024-10-02,fatigue,5
4b0034f9,anemia_05,2024-10-02,headache,4
07f1e68c,anemia_05,2024-10-02,cramps,2
781c61f5,anemia_05,2024-10-03,fatigue,3
aa82d881,anemia_05,2024-10-03,dizziness,3
5fc1319b,anemia_05,2024-10-04,fatigue,5
a4a8809d,anemia_05,2024-10-04,headache,5
1086aab4,anemia_05,2024-10-04,heavy_bleeding,3
7182330c,anemia_05,2024-10-04,cramps,2
78111e52,anemia_05,2024-10-04,dizziness,5
5bf3d54f,anemia_05,2024-10-05,fatigue,2
0468777c,anemia_05,2024-10-05,heavy_bleeding,4
2a30e60f,anemia_05,2024-10-05,cramps,5
0e2ed21e,anemia_05,2024-10-05,dizziness,4
b6e97c4c,anemia_05,2024-10-06,fatigue,4
0e0fc8c8,anemia_05,2024-10-06,heavy_bleeding,5
cfce4586,anemia_05,2024-10-06,cramps,5
d166b307,anemia_05,2024-10-07,fatigue,2
8d39b165,anemia_05,2024-10-07,heavy_bleeding,4
195e032e,anemia_05,2024-10-07,cramps,2
5042165d,anemia_05,2024-10-07,dizziness,2
e1f1328e,anemia_05,2024-10-08,heavy_bleeding,5
1069361e,anemia_05,2024-10-08,cramps,4
e7e7189b,anemia_05,2024-10-21,fatigue,3
190169ac,anemia_05,2024-10-21,heavy_bleeding,2
711375ad,anemia_05,2024-10-21,cramps,2
2a319497,anemia_05,2024-10-22,headache,2
2916ff21,anemia_05,2024-10-22,heavy_bleeding,2
71da5f92,anemia_05,2024-10-22,cramps,5
5bfb2f7a,anemia_05,2024-10-23,fatigue,3
27acd8bd,anemia_05,2024-10-23,heavy_bleeding,5
7b6f7974,anemia_05,2024-10-23,cramps,5
0c0b7b13,anemia_05,2024-10-23,dizziness,5
efc170ec,anemia_05,2024-10-24,fatigue,3
bc006fe8,anemia_05,2024-10-24,headache,4
a2785b00,anemia_05,2024-10-24,heavy_bleeding,3
cf4957c9,anemia_05,2024-10-24,dizziness,4
23ecc4e2,anemia_05,2024-10-25,fatigue,5
31ef2b43,anemia_05,2024-10-25,headache,3
4fad609f,anemia_05,2024-10-25,heavy_bleeding,4
404a54e7,anemia_05,2024-10-25,cramps,2
a064ad32,anemia_05,2024-10-26,fatigue,2
5394f3ac,anemia_05,2024-10-26,headache,3
263b2ee4,anemia_05,2024-10-26,cramps,2
e4fa0ff6,anemia_05,2024-10-26,dizziness,4
9c8241b1,anemia_05,2024-10-27,fatigue,2
1352ad0d,anemia_05,2024-10-27,headache,3
f48fd62d,anemia_05,2024-10-27,heavy_bleeding,5
00894d1a,anemia_05,2024-10-28,fatigue,3
7731592e,anemia_05,2024-10-28,heavy_bleeding,4
cc1af1bb,anemia_05,2024-10-28,cramps,2
bccecdaa,anemia_05,2024-10-28,dizziness,2
5910164e,anemia_05,2024-10-29,fatigue,5
d6f889d4,anemia_05,2024-10-29,headache,4
9ecf4897,anemia_05,2024-10-29,heavy_bleeding,5
b96b7ffc,anemia_05,2024-10-29,cramps,5
0efe942b,anemia_05,2024-10-30,fatigue,3
afc84f74,anemia_05,2024-10-30,headache,2
49a43748,anemia_05,2024-10-30,heavy_bleeding,4
c56d81fe,anemia_05,2024-10-30,cramps,2
8796ad2e,anemia_05,2024-10-31,heavy_bleeding,3
01fe73c8,anemia_05,2024-10-31,cramps,2
8d1cd3cc,anemia_05,2024-11-01,fatigue,3
5c9421b0,anemia_05,2024-11-01,headache,2
6764a511,anemia_05,2024-11-01,heavy_bleeding,4
585d14f2,anemia_05,2024-11-19,fatigue,3
5897cf09,anemia_05,2024-11-19,headache,4
f730b8b0,anemia_05,2024-11-19,heavy_bleeding,3
4231a72b,anemia_05,2024-11-19,cramps,5
f785d2c9,anemia_05,2024-11-19,dizziness,2
8bb13d6a,anemia_05,2024-11-20,fatigue,2
9a6c1e6e,anemia_05,2024-11-20,heavy_bleeding,2
795f643f,anemia_05,2024-11-20,dizziness,3
3f9e2350,anemia_05,2024-11-21,fatigue,2
091ebfa9,anemia_05,2024-11-21,heavy_bleeding,2
1da32d6c,anemia_05,2024-11-22,fatigue,3
d306aafe,anemia_05,2024-11-22,heavy_bleeding,4
aa5f2af4,anemia_05,2024-11-22,cramps,5
93548f21,anemia_05,2024-11-23,fatigue,5
253d3939,anemia_05,2024-11-23,heavy_bleeding,2
ab55eebf,anemia_05,2024-11-23,cramps,2
e7ffb21d,anemia_05,2024-11-24,fatigue,5
b6bb099f,anemia_05,2024-11-24,heavy_bleeding,2
0904223c,anemia_05,2024-11-25,fatigue,4
35fe00be,anemia_05,2024-11-25,headache,4
2b9533c7,anemia_05,2024-11-25,heavy_bleeding,5
c80d378c,anemia_05,2024-11-25,cramps,2
c6792b80,anemia_05,2024-11-26,fatigue,5
a11836fd,anemia_05,2024-11-26,heavy_bleeding,4
adfb03e2,anemia_05,2024-11-26,cramps,4
b8913d23,anemia_05,2024-11-27,fatigue,5
2a423450,anemia_05,2024-11-27,headache,4
a4f93c68,anemia_05,2024-11-27,heavy_bleeding,5
8f652f94,anemia_05,2024-11-28,fatigue,5
05e169bd,anemia_05,2024-11-28,headache,5
bcc57917,anemia_05,2024-11-28,heavy_bleeding,4
db4cf8f6,anemia_05,2024-11-29,fatigue,2
d6385399,anemia_05,2024-11-29,cramps,5
9e2bca15,anemia_05,2024-11-30,fatigue,2
f42b7aed,anemia_05,2024-11-30,heavy_bleeding,3
d4061a57,anemia_05,2024-11-30,cramps,2
0976f0bc,anemia_05,2024-12-16,fatigue,5
b421761b,anemia_05,2024-12-16,headache,2
98a64ae8,anemia_05,2024-12-16,heavy_bleeding,5
2a0af415,anemia_05,2024-12-16,cramps,4
fa84428e,anemia_05,2024-12-17,fatigue,2
9b7cb835,anemia_05,2024-12-17,headache,2
fb246111,anemia_05,2024-12-17,heavy_bleeding,4
630712d7,anemia_05,2024-12-17,cramps,3
904fc04e,anemia_05,2024-12-18,fatigue,4
422b613a,anemia_05,2024-12-18,heavy_bleeding,3
700b2ba7,anemia_05,2024-12-18,cramps,2
d2017453,anemia_05,2024-12-18,dizziness,2
e99d0b3f,anemia_05,2024-12-19,fatigue,4
d346536b,anemia_05,2024-12-19,headache,2
60706468,anemia_05,2024-12-19,heavy_bleeding,5
66509182,anemia_05,2024-12-20,fatigue,3
fdfaa86d,anemia_05,2024-12-20,headache,2
bf012d01,anemia_05,2024-12-20,heavy_bleeding,4
3270e91f,anemia_05,2024-12-20,cramps,3
be4ee438,anemia_05,2024-12-20,dizziness,3
2d86b439,anemia_05,2024-12-21,fatigue,5
91759c48,anemia_05,2024-12-21,heavy_bleeding,4
05fb4c26,anemia_05,2024-12-21,cramps,4
d32cb19d,anemia_05,2024-12-22,fatigue,4
074c1027,anemia_05,2024-12-22,heavy_bleeding,4
164bfdbd,anemia_05,2024-12-22,cramps,3
ea980f92,anemia_05,2024-12-22,dizziness,2
c84c1d8d,anemia_05,2024-12-23,fatigue,4
0dbf2a25,anemia_05,2024-12-23,heavy_bleeding,3
19e03b0f,anemia_05,2024-12-23,cramps,2
5d880de7,anemia_05,2024-12-23,dizziness,4
e5fe0148,anemia_05,2024-12-24,fatigue,3
fe609cbc,anemia_05,2024-12-24,headache,4
bd040cdd,anemia_05,2024-12-24,heavy_bleeding,4
52539867,anemia_05,2024-12-24,cramps,2
0ffbfc4d,anemia_05,2024-12-25,headache,2
d3bd536a,anemia_05,2024-12-25,dizziness,2
556e7340,anemia_05,2024-12-26,fatigue,2
7209169a,anemia_05,2024-12-26,heavy_bleeding,4
c79fd63f,anemia_05,2024-12-26,cramps,5
ccb73c11,anemia_05,2025-01-11,fatigue,2
9d5e1f17,anemia_05,2025-01-11,headache,4
11af142b,anemia_05,2025-01-11,heavy_bleeding,2
4fe9bb01,anemia_05,2025-01-12,fatigue,5
f2ebb985,anemia_05,2025-01-12,heavy_bleeding,3
5ed8635a,anemia_05,2025-01-13,fatigue,3
e241fa63,anemia_05,2025-01-13,heavy_bleeding,3
c7b4df3f,anemia_05,2025-01-13,cramps,2
69fec09b,anemia_05,2025-01-13,dizziness,2
eafd86d5,anemia_05,2025-01-14,fatigue,2
526e6b49,anemia_05,2025-01-14,heavy_bleeding,3
bc38c1a1,anemia_05,2025-01-14,cramps,2
5a90d02e,anemia_05,2025-01-15,fatigue,5
263162f7,anemia_05,2025-01-15,headache,3
331e7ba6,anemia_05,2025-01-15,heavy_bleeding,3
f41cdb50,anemia_05,2025-01-15,cramps,5
5a7ddccf,anemia_05,2025-01-16,fatigue,3
80e762f2,anemia_05,2025-01-16,heavy_bleeding,3
1b95dd7e,anemia_05,2025-01-16,dizziness,5
e61b8828,anemia_05,2025-01-17,fatigue,2
cae66f11,anemia_05,2025-01-17,heavy_bleeding,3
ae00e40e,anemia_05,2025-01-17,dizziness,3
aa39506d,anemia_05,2025-01-18,fatigue,3
6bf7241f,anemia_05,2025-01-18,headache,5
fec9a099,anemia_05,2025-01-18,heavy_bleeding,5
674e915c,anemia_05,2025-01-18,cramps,3
a89d766f,anemia_05,2025-01-18,dizziness,4
465c2a8f,anemia_05,2025-01-19,fatigue,5
9e0ee119,anemia_05,2025-01-19,heavy_bleeding,2
c8adfd8c,anemia_05,2025-01-19,cramps,5
806c67c3,anemia_05,2025-01-19,dizziness,2
a44beedd,anemia_05,2025-01-20,fatigue,5
a458c5aa,anemia_05,2025-01-20,heavy_bleeding,2
d50a1868,anemia_05,2025-01-20,cramps,2
0d277477,anemia_05,2025-01-20,dizziness,2
498ccfc8,anemia_05,2025-01-21,fatigue,2
d3b3b8bf,anemia_05,2025-01-21,headache,3
7ccbfb0a,anemia_05,2025-01-21,heavy_bleeding,3
ff0dcaa9,anemia_05,2025-02-08,fatigue,5
a13661b2,anemia_05,2025-02-08,heavy_bleeding,4
e97474dd,anemia_05,2025-02-08,cramps,4
25533933,anemia_05,2025-02-08,dizziness,4
9104d5af,anemia_05,2025-02-09,fatigue,5
05a5a38b,anemia_05,2025-02-09,heavy_bleeding,3
20785fa8,anemia_05,2025-02-10,fatigue,3
d7757337,anemia_05,2025-02-10,cramps,2
5c0c7a4b,anemia_05,2025-02-10,dizziness,3
4ab45daf,anemia_05,2025-02-11,fatigue,2
425eed10,anemia_05,2025-02-11,heavy_bleeding,2
dd3c496f,anemia_05,2025-02-11,cramps,4
c4a07ba5,anemia_05,2025-02-11,dizziness,2
71f62def,anemia_05,2025-02-12,headache,2
e530682f,anemia_05,2025-02-12,cramps,2
90688a96,anemia_05,2025-02-12,dizziness,5
30e32476,anemia_05,2025-02-13,fatigue,3
0653e85b,anemia_05,2025-02-13,headache,3
f284cebd,anemia_05,2025-02-13,heavy_bleeding,3
528c7f07,anemia_05,2025-02-13,cramps,5
77da8e6f,anemia_05,2025-02-13,dizziness,4
2d361b17,anemia_05,2025-02-14,fatigue,3
a212505d,anemia_05,2025-02-14,heavy_bleeding,5
046b3080,anemia_05,2025-02-15,fatigue,3
df3b03e2,anemia_05,2025-02-15,heavy_bleeding,5
35a9a13f,anemia_05,2025-02-15,cramps,5
6b28ec88,anemia_05,2025-02-16,fatigue,4
3433aafd,anemia_05,2025-02-16,heavy_bleeding,5
60a15295,anemia_05,2025-02-16,cramps,2
82de8042,anemia_05,2025-02-17,fatigue,4
0f2f90a5,anemia_05,2025-02-17,headache,5
3b6db716,anemia_05,2025-02-17,heavy_bleeding,4
4294b5ce,anemia_05,2025-02-18,fatigue,3
b07af58c,anemia_05,2025-02-18,heavy_bleeding,4
57d86569,anemia_05,2025-02-18,cramps,2
402137f8,anemia_05,2025-02-19,fatigue,4
e204b5a5,anemia_05,2025-02-19,headache,5
6f100e6c,anemia_05,2025-02-19,heavy_bleeding,5
1baa2e15,anemia_05,2025-02-19,dizziness,3
a74f2949,anemia_05,2025-02-20,fatigue,4
f5632bda,anemia_05,2025-02-20,heavy_bleeding,5
228a0f2f,anemia_05,2025-02-20,cramps,3
9cb2475a,anemia_05,2025-02-21,fatigue,3
460e2f36,anemia_05,2025-02-21,headache,5
dbddf9b2,anemia_05,2025-02-21,heavy_bleeding,3
d1882339,anemia_05,2025-02-21,cramps,4
d31d3aae,anemia_05,2025-02-21,dizziness,4
8a5e1f09,anemia_05,2025-03-10,heavy_bleeding,4
052d22e9,anemia_05,2025-03-11,fatigue,2
29ffc081,anemia_05,2025-03-11,heavy_bleeding,2
7057e657,anemia_05,2025-03-12,fatigue,3
d6891431,anemia_05,2025-03-12,heavy_bleeding,2
6ef74c12,anemia_05,2025-03-12,cramps,5
5c823094,anemia_05,2025-03-12,dizziness,3
bca4c1e1,anemia_05,2025-03-13,fatigue,2
9d01a7db,anemia_05,2025-03-13,headache,5
5b4dc261,anemia_05,2025-03-13,heavy_bleeding,2
a586df96,anemia_05,2025-03-13,cramps,5
5a5172d1,anemia_05,2025-03-14,fatigue,5
d7f1b62e,anemia_05,2025-03-14,heavy_bleeding,5
ca0c5f63,anemia_05,2025-03-15,fatigue,3
7b889724,anemia_05,2025-03-15,heavy_bleeding,4
b3d2163a,anemia_05,2025-03-15,cramps,5
fdce69f8,anemia_05,2025-03-16,fatigue,3
4b55e486,anemia_05,2025-03-16,headache,2
36d0c690,anemia_05,2025-03-16,heavy_bleeding,5
9add1ea8,anemia_05,2025-03-16,cramps,4
7af1ae84,anemia_05,2025-03-16,dizziness,5
c716912e,anemia_05,2025-03-17,fatigue,5
53883d70,anemia_05,2025-03-17,headache,3
365c60ee,anemia_05,2025-03-17,heavy_bleeding,2
912ce040,anemia_05,2025-03-18,fatigue,2
a5fb0636,anemia_05,2025-03-18,heavy_bleeding,4
71b5274a,anemia_05,2025-03-19,fatigue,4
82fa14a2,anemia_05,2025-03-19,headache,5
a04024ba,anemia_05,2025-03-19,heavy_bleeding,2
91f27575,anemia_05,2025-04-05,heavy_bleeding,4
cdfbcfcd,anemia_05,2025-04-05,cramps,2
184830a1,anemia_05,2025-04-06,fatigue,3
8a2278f6,anemia_05,2025-04-06,headache,4
14b04dbf,anemia_05,2025-04-06,heavy_bleeding,5
92fce434,anemia_05,2025-04-06,dizziness,2
c7571941,anemia_05,2025-04-07,fatigue,3
ca587f85,anemia_05,2025-04-08,headache,4
e8a2e291,anemia_05,2025-04-08,cramps,5
756f23b7,anemia_05,2025-04-09,fatigue,3
0f022c83,anemia_05,2025-04-09,headache,3
df1cebd4,anemia_05,2025-04-09,heavy_bleeding,4
c2881b12,anemia_05,2025-04-09,cramps,3
39f2bc59,anemia_05,2025-04-10,fatigue,5
43415469,anemia_05,2025-04-10,heavy_bleeding,2
346b2b20,anemia_05,2025-04-10,cramps,2
723ea34e,anemia_05,2025-04-11,fatigue,2
38a98970,anemia_05,2025-04-11,headache,4
3016ff95,anemia_05,2025-04-11,heavy_bleeding,3
451b57d8,anemia_05,2025-04-11,cramps,3
30c630b7,anemia_05,2025-04-12,fatigue,4
d077585a,anemia_05,2025-04-12,headache,3
67db653f,anemia_05,2025-04-12,cramps,3
c34cdc02,anemia_05,2025-04-13,fatigue,3
a42afb68,anemia_05,2025-04-13,headache,3
0dd96a19,anemia_05,2025-04-14,fatigue,2
4908f8c1,anemia_05,2025-04-14,heavy_bleeding,3
2a9ee795,anemia_05,2025-04-14,cramps,4
9141279e,anemia_05,2025-04-14,dizziness,5
092a7e99,anemia_05,2025-04-15,fatigue,2
21daa39f,anemia_05,2025-04-15,heavy_bleeding,4
52909a0c,anemia_05,2025-04-15,cramps,5
2c267a87,anemia_05,2025-04-15,dizziness,3
1a886752,anemia_05,2025-04-16,fatigue,3
1f7e8ffe,anemia_05,2025-04-16,heavy_bleeding,3
f62e8bdc,anemia_05,2025-04-16,cramps,2
74277953,anemia_05,2025-04-30,fatigue,2
565db3f9,anemia_05,2025-04-30,headache,5
d00173bc,anemia_05,2025-04-30,heavy_bleeding,5
d6cced05,anemia_05,2025-05-01,fatigue,3
d454dd2a,anemia_05,2025-05-01,heavy_bleeding,3
4dd030db,anemia_05,2025-05-01,cramps,5
03527f32,anemia_05,2025-05-02,fatigue,5
fd083d33,anemia_05,2025-05-02,headache,4
727f1413,anemia_05,2025-05-02,heavy_bleeding,2
bc955076,anemia_05,2025-05-02,dizziness,4
49635a05,anemia_05,2025-05-03,fatigue,2
321bb608,anemia_05,2025-05-03,heavy_bleeding,4
534c4ec8,anemia_05,2025-05-03,dizziness,3
a9cbe30d,anemia_05,2025-05-04,fatigue,5
5e9049ad,anemia_05,2025-05-04,headache,4
08068ee6,anemia_05,2025-05-04,cramps,5
9ecc4310,anemia_05,2025-05-04,dizziness,4
3c9ddc58,anemia_05,2025-05-05,fatigue,5
52824b97,anemia_05,2025-05-05,heavy_bleeding,5
7062428d,anemia_05,2025-05-05,dizziness,5
e671291f,anemia_05,2025-05-06,fatigue,3
5320657d,anemia_05,2025-05-06,heavy_bleeding,4
1d8e1446,anemia_05,2025-05-06,cramps,3
ac4b103f,anemia_05,2025-05-06,dizziness,2
896bde3d,anemia_05,2025-05-07,fatigue,4
608d513c,anemia_05,2025-05-07,heavy_bleeding,4
f4358724,anemia_05,2025-05-07,cramps,4
d5bf6d31,anemia_05,2025-05-07,dizziness,2
00d9e0fe,anemia_05,2025-05-08,fatigue,4
cc5456b3,anemia_05,2025-05-08,headache,4
6bc7e5ed,anemia_05,2025-05-08,heavy_bleeding,5
215673a1,anemia_05,2025-05-08,cramps,2
05ccf245,anemia_05,2025-05-08,dizziness,4
0fa0bb1d,anemia_05,2025-05-27,headache,2
90cc2f27,anemia_05,2025-05-27,cramps,2
b9453885,anemia_05,2025-05-28,fatigue,2
7fa509ec,anemia_05,2025-05-28,headache,3
6baa1294,anemia_05,2025-05-28,dizziness,4
38585ce5,anemia_05,2025-05-29,fatigue,2
6df41395,anemia_05,2025-05-29,heavy_bleeding,4
182c5826,anemia_05,2025-05-29,cramps,5
2d6bf4a1,anemia_05,2025-05-30,fatigue,5
716cdd48,anemia_05,2025-05-30,headache,2
b80fd11e,anemia_05,2025-05-30,heavy_bleeding,3
c6c1e24d,anemia_05,2025-05-31,fatigue,4
94467c52,anemia_05,2025-05-31,headache,5
f23a6c56,anemia_05,2025-06-01,fatigue,4
59bfb48b,anemia_05,2025-06-01,dizziness,5
3910c298,anemia_05,2025-06-02,fatigue,2
9c199749,anemia_05,2025-06-02,headache,3
d81c837e,anemia_05,2025-06-02,heavy_bleeding,5
ab01177d,anemia_05,2025-06-03,fatigue,5
e587b788,anemia_05,2025-06-03,heavy_bleeding,5
67ce685c,anemia_05,2025-06-03,cramps,2
f94bf5a1,anemia_05,2025-06-03,dizziness,3
26de816e,anemia_05,2025-06-04,fatigue,5
c88b8b44,anemia_05,2025-06-04,headache,5
7474b25d,anemia_05,2025-06-04,heavy_bleeding,4
c9f95810,anemia_05,2025-06-04,cramps,4
e4a90037,anemia_05,2025-06-05,fatigue,5
4d9f7659,anemia_05,2025-06-05,headache,4
fce9dd4f,anemia_05,2025-06-05,heavy_bleeding,4
8fd4bfc8,anemia_05,2025-06-05,cramps,3
149a7c3d,anemia_05,2025-06-06,heavy_bleeding,3
1acdbe2a,anemia_05,2025-06-06,cramps,5
7e4e15e4,anemia_05,2025-06-06,dizziness,2
f4b47272,anemia_05,2025-06-20,headache,2
109c5cc6,anemia_05,2025-06-21,fatigue,4
1c65f4a7,anemia_05,2025-06-21,headache,5
adf59fe4,anemia_05,2025-06-21,heavy_bleeding,4
4dca2d4a,anemia_05,2025-06-21,dizziness,5
d262bd04,anemia_05,2025-06-22,fatigue,2
81c4c9c5,anemia_05,2025-06-22,headache,2
8068a9d2,anemia_05,2025-06-22,heavy_bleeding,3
fcde8b78,anemia_05,2025-06-22,cramps,4
9d9db912,anemia_05,2025-06-22,dizziness,4
cafd2d7f,anemia_05,2025-06-23,fatigue,4
7630af24,anemia_05,2025-06-23,heavy_bleeding,4
d4979d96,anemia_05,2025-06-23,dizziness,4
9f04b8f9,anemia_05,2025-06-24,fatigue,3
ecaf6493,anemia_05,2025-06-24,headache,5
3940a4ae,anemia_05,2025-06-24,cramps,3
57c5f7a5,anemia_05,2025-06-25,fatigue,3
2f8ed107,anemia_05,2025-06-25,heavy_bleeding,4
95ba0d2b,anemia_05,2025-06-25,cramps,4
6527af45,anemia_05,2025-06-26,fatigue,4
0cd1895a,anemia_05,2025-06-26,headache,4
4d9cc553,anemia_05,2025-06-26,heavy_bleeding,5
9542d42e,anemia_05,2025-06-26,cramps,3
12161af1,anemia_05,2025-06-27,fatigue,4
adf6a01a,anemia_05,2025-06-27,headache,5
3f653186,anemia_05,2025-06-27,heavy_bleeding,2
66440626,anemia_05,2025-06-27,cramps,4
bf9f393c,anemia_05,2025-06-27,dizziness,5
73bd70bb,anemia_05,2025-06-28,fatigue,3
aa9bc109,anemia_05,2025-06-28,heavy_bleeding,3
45d077f0,anemia_05,2025-06-28,cramps,5
6caec8cd,anemia_05,2025-06-28,dizziness,4
12095166,anemia_05,2025-07-17,fatigue,2
34d78b94,anemia_05,2025-07-17,headache,4
bd4fc8dc,anemia_05,2025-07-17,heavy_bleeding,5
b39a86ed,anemia_05,2025-07-17,cramps,3
c8a1e838,anemia_05,2025-07-18,fatigue,2
acd1046f,anemia_05,2025-07-18,headache,3
91ecc992,anemia_05,2025-07-18,heavy_bleeding,2
895a72f7,anemia_05,2025-07-19,fatigue,3
a30d7e14,anemia_05,2025-07-19,headache,4
a5b2e554,anemia_05,2025-07-19,cramps,5
21364aaf,anemia_05,2025-07-19,dizziness,5
d8ed7ac2,anemia_05,2025-07-20,fatigue,2
0b43bceb,anemia_05,2025-07-20,headache,2
46d3381e,anemia_05,2025-07-20,cramps,4
43a96100,anemia_05,2025-07-21,fatigue,4
ade31227,anemia_05,2025-07-21,heavy_bleeding,4
847a2424,anemia_05,2025-07-22,fatigue,2
8e0b4c91,anemia_05,2025-07-22,headache,4
b0277ee0,anemia_05,2025-07-22,heavy_bleeding,3
e8272b6e,anemia_05,2025-07-22,dizziness,4
bdde7531,anemia_05,2025-07-23,fatigue,4
3f1fd723,anemia_05,2025-07-23,heavy_bleeding,4
3f97689b,anemia_05,2025-07-23,cramps,2
ced7ff77,anemia_05,2025-07-24,fatigue,5
382bce5a,anemia_05,2025-07-24,headache,4
cb7fb5d3,anemia_05,2025-07-24,heavy_bleeding,5
c187e348,anemia_05,2025-07-24,cramps,5
46df756e,anemia_05,2025-07-24,dizziness,3
37a1d649,anemia_05,2025-07-25,fatigue,3
1799a2c2,anemia_05,2025-07-25,headache,4
6f333711,anemia_05,2025-07-25,heavy_bleeding,3
87bd89ac,anemia_05,2025-07-26,fatigue,3
18b50e8c,anemia_05,2025-07-26,headache,4
26fb06df,anemia_05,2025-07-26,heavy_bleeding,2
5bdfbe54,anemia_05,2025-07-26,cramps,3
32ef7b69,anemia_05,2025-07-27,fatigue,3
1e938e4f,anemia_05,2025-07-27,headache,4
d8501721,anemia_05,2025-07-27,cramps,5
8ef97e31,anemia_05,2025-08-09,fatigue,2
7146b372,anemia_05,2025-08-09,headache,4
df535e9c,anemia_05,2025-08-09,heavy_bleeding,3
c42569a8,anemia_05,2025-08-10,fatigue,5
266409b0,anemia_05,2025-08-10,headache,4
a856d219,anemia_05,2025-08-10,heavy_bleeding,4
2b76d11c,anemia_05,2025-08-11,fatigue,5
72283856,anemia_05,2025-08-11,cramps,5
ce0e6242,anemia_05,2025-08-11,dizziness,4
2bc91ca9,anemia_05,2025-08-12,fatigue,5
895ab723,anemia_05,2025-08-12,headache,3
e362b591,anemia_05,2025-08-13,fatigue,4
4b85c6c1,anemia_05,2025-08-13,headache,2
fa2bdda0,anemia_05,2025-08-13,heavy_bleeding,4
d787e656,anemia_05,2025-08-13,cramps,4
85e24c41,anemia_05,2025-08-14,fatigue,3
f0dd31d7,anemia_05,2025-08-14,heavy_bleeding,2
a2fdfaa0,anemia_05,2025-08-15,fatigue,3
dc72544f,anemia_05,2025-08-15,heavy_bleeding,2
0bda003f,anemia_05,2025-08-15,dizziness,5
ad1b1db2,anemia_05,2025-08-16,fatigue,4
01c960cb,anemia_05,2025-08-16,headache,2
a1a8370a,anemia_05,2025-08-16,dizziness,5
a0ad0385,anemia_05,2025-08-17,fatigue,4
7286b8c0,anemia_05,2025-08-17,heavy_bleeding,5
034adbdb,anemia_05,2025-08-17,cramps,3
d31b89f3,anemia_05,2025-08-18,fatigue,5
c340ce64,anemia_05,2025-08-18,headache,5
723a5fa8,anemia_05,2025-08-18,cramps,2
fe2c86c0,anemia_06,2024-01-01,fatigue,2
f0eb7177,anemia_06,2024-01-01,headache,3
3aafc4bc,anemia_06,2024-01-01,heavy_bleeding,3
0d131e16,anemia_06,2024-01-02,fatigue,2
f356e390,anemia_06,2024-01-02,heavy_bleeding,4
74852df9,anemia_06,2024-01-03,fatigue,5
a99d9547,anemia_06,2024-01-03,headache,5
06e81a6d,anemia_06,2024-01-03,heavy_bleeding,2
59ccf371,anemia_06,2024-01-04,fatigue,4
5c77c870,anemia_06,2024-01-04,headache,4
36eb4b78,anemia_06,2024-01-04,heavy_bleeding,3
706b58c9,anemia_06,2024-01-05,fatigue,2
145fd3d2,anemia_06,2024-01-05,dizziness,2
16676339,anemia_06,2024-01-06,fatigue,5
749138cc,anemia_06,2024-01-06,headache,3
318af668,anemia_06,2024-01-06,heavy_bleeding,4
fd340d1c,anemia_06,2024-01-06,cramps,2
64886725,anemia_06,2024-01-06,dizziness,5
70fb8e8e,anemia_06,2024-01-07,fatigue,5
79cefa89,anemia_06,2024-01-07,heavy_bleeding,4
1e2e5728,anemia_06,2024-01-07,cramps,2
2b167a74,anemia_06,2024-01-08,fatigue,4
055bd22a,anemia_06,2024-01-08,headache,3
fb4ce4e0,anemia_06,2024-01-08,heavy_bleeding,5
b5dad23d,anemia_06,2024-01-08,cramps,3
1e923681,anemia_06,2024-01-09,fatigue,4
d280e78f,anemia_06,2024-01-09,heavy_bleeding,2
88391166,anemia_06,2024-01-09,cramps,5
a4d88ba9,anemia_06,2024-01-09,dizziness,5
2b7e0cca,anemia_06,2024-01-10,headache,5
dbbcefa2,anemia_06,2024-01-10,heavy_bleeding,3
96893fed,anemia_06,2024-01-10,cramps,2
6f87271d,anemia_06,2024-01-29,fatigue,5
d693e767,anemia_06,2024-01-29,cramps,2
626685ee,anemia_06,2024-01-30,fatigue,5
4548edb5,anemia_06,2024-01-30,headache,4
43233a98,anemia_06,2024-01-30,heavy_bleeding,4
15922a98,anemia_06,2024-01-30,cramps,5
20fbbb31,anemia_06,2024-01-31,fatigue,4
fde72010,anemia_06,2024-01-31,headache,4
55d25432,anemia_06,2024-01-31,heavy_bleeding,2
7ba4ad3f,anemia_06,2024-02-01,fatigue,5
f50dd1ee,anemia_06,2024-02-01,heavy_bleeding,4
b1f53afa,anemia_06,2024-02-02,heavy_bleeding,3
ca902953,anemia_06,2024-02-03,fatigue,5
961cf970,anemia_06,2024-02-03,headache,3
4ef7a916,anemia_06,2024-02-03,heavy_bleeding,2
c514d6cb,anemia_06,2024-02-03,cramps,3
7873dd5f,anemia_06,2024-02-03,dizziness,3
78b4a2f2,anemia_06,2024-02-04,fatigue,3
3f542370,anemia_06,2024-02-04,headache,5
9027b776,anemia_06,2024-02-04,cramps,3
a23e1d82,anemia_06,2024-02-04,dizziness,5
1b8cd96a,anemia_06,2024-02-05,fatigue,4
ad4d4bab,anemia_06,2024-02-05,headache,3
88983fbc,anemia_06,2024-02-06,fatigue,2
b7f88ca7,anemia_06,2024-02-06,heavy_bleeding,3
5037c398,anemia_06,2024-02-06,cramps,2
2cebac38,anemia_06,2024-02-07,fatigue,3
dc31b73f,anemia_06,2024-02-07,headache,4
9d2ee37e,anemia_06,2024-02-07,heavy_bleeding,2
75830a5d,anemia_06,2024-02-07,cramps,3
d3eeb20f,anemia_06,2024-02-08,cramps,2
6207e205,anemia_06,2024-02-24,heavy_bleeding,2
43a6354e,anemia_06,2024-02-24,cramps,5
00100ca7,anemia_06,2024-02-25,fatigue,3
fd0a386e,anemia_06,2024-02-25,heavy_bleeding,4
73d114a9,anemia_06,2024-02-25,cramps,3
4f547ef7,anemia_06,2024-02-25,dizziness,4
6c708816,anemia_06,2024-02-26,fatigue,5
7c30c6ca,anemia_06,2024-02-26,heavy_bleeding,2
f3148e96,anemia_06,2024-02-26,cramps,2
2ab5d86f,anemia_06,2024-02-27,fatigue,2
4b485fbe,anemia_06,2024-02-28,fatigue,5
0ecd21cb,anemia_06,2024-02-28,dizziness,4
0c858e90,anemia_06,2024-02-29,fatigue,5
d51d5e4f,anemia_06,2024-02-29,headache,5
a5d846c0,anemia_06,2024-02-29,heavy_bleeding,2
7e598e53,anemia_06,2024-02-29,cramps,2
393e0f6d,anemia_06,2024-03-01,fatigue,5
6a746034,anemia_06,2024-03-01,headache,4
7ffe275d,anemia_06,2024-03-01,heavy_bleeding,5
55915044,anemia_06,2024-03-01,dizziness,4
28fc3187,anemia_06,2024-03-02,fatigue,4
d4942ef7,anemia_06,2024-03-02,headache,5
f79dc494,anemia_06,2024-03-02,heavy_bleeding,3
457d7bc2,anemia_06,2024-03-02,cramps,4
4ae73a63,anemia_06,2024-03-03,headache,5
c8ed48ee,anemia_06,2024-03-03,heavy_bleeding,3
25efffe9,anemia_06,2024-03-04,fatigue,5
082272f6,anemia_06,2024-03-04,headache,3
5642a116,anemia_06,2024-03-05,fatigue,2
3ac1b140,anemia_06,2024-03-05,headache,2
d8056318,anemia_06,2024-03-05,cramps,2
52c992bb,anemia_06,2024-03-17,fatigue,2
37fc22cc,anemia_06,2024-03-18,fatigue,3
15f5d816,anemia_06,2024-03-18,headache,4
27ceca81,anemia_06,2024-03-18,heavy_bleeding,5
de8c8ccb,anemia_06,2024-03-18,cramps,5
8b306422,anemia_06,2024-03-18,dizziness,2
a5d91f82,anemia_06,2024-03-19,fatigue,4
12d39e12,anemia_06,2024-03-19,heavy_bleeding,3
812ffa03,anemia_06,2024-03-19,cramps,4
8273cada,anemia_06,2024-03-19,dizziness,3
c3b552be,anemia_06,2024-03-21,fatigue,5
8b45a2ea,anemia_06,2024-03-21,headache,2
7b480d0c,anemia_06,2024-03-21,heavy_bleeding,5
6c4cd492,anemia_06,2024-03-21,cramps,3
ace105aa,anemia_06,2024-03-21,dizziness,2
4fa22a69,anemia_06,2024-03-22,fatigue,2
43ae5159,anemia_06,2024-03-22,heavy_bleeding,3
66ed4bb2,anemia_06,2024-03-22,cramps,3
000423bc,anemia_06,2024-03-23,fatigue,2
bfa2833d,anemia_06,2024-03-23,cramps,3
15896900,anemia_06,2024-03-23,dizziness,3
a3c542f6,anemia_06,2024-03-24,fatigue,4
664f93ec,anemia_06,2024-03-24,headache,5
138450b1,anemia_06,2024-03-24,heavy_bleeding,3
5319c125,anemia_06,2024-03-24,cramps,5
a8f5f62b,anemia_06,2024-03-25,fatigue,5
e4dcd323,anemia_06,2024-03-25,headache,4
ab75be14,anemia_06,2024-03-25,heavy_bleeding,3
3faef02c,anemia_06,2024-03-25,cramps,3
5776ccb0,anemia_06,2024-03-26,fatigue,2
0f3d4db8,anemia_06,2024-03-26,cramps,4
d5786d22,anemia_06,2024-03-26,dizziness,3
64872c4d,anemia_06,2024-03-27,fatigue,2
d9671971,anemia_06,2024-03-27,heavy_bleeding,3
aa230527,anemia_06,2024-03-27,cramps,5
f88834f9,anemia_06,2024-03-28,fatigue,2
02ac2321,anemia_06,2024-03-28,heavy_bleeding,2
d8142dfe,anemia_06,2024-03-28,cramps,5
b09ce252,anemia_06,2024-03-28,dizziness,5
d72f99f7,anemia_06,2024-04-17,heavy_bleeding,5
73934978,anemia_06,2024-04-17,cramps,3
a5bf5c2f,anemia_06,2024-04-18,fatigue,5
24b038d3,anemia_06,2024-04-18,heavy_bleeding,4
280f7351,anemia_06,2024-04-18,dizziness,3
faaec920,anemia_06,2024-04-19,fatigue,4
97182fd7,anemia_06,2024-04-19,headache,2
b45f3f82,anemia_06,2024-04-19,heavy_bleeding,3
bd7b14d3,anemia_06,2024-04-19,dizziness,4
dfa4113a,anemia_06,2024-04-20,fatigue,2
a18d8762,anemia_06,2024-04-20,cramps,2
9a868177,anemia_06,2024-04-20,dizziness,5
3fab6a13,anemia_06,2024-04-21,fatigue,4
ee4c983d,anemia_06,2024-04-21,cramps,5
efd5c3aa,anemia_06,2024-04-21,dizziness,5
997971ad,anemia_06,2024-04-22,fatigue,2
251e0237,anemia_06,2024-04-22,headache,3
878c7413,anemia_06,2024-04-22,heavy_bleeding,5
4b3bb884,anemia_06,2024-04-22,cramps,5
e43406b1,anemia_06,2024-04-23,fatigue,4
d0228c1d,anemia_06,2024-04-23,heavy_bleeding,3
0b87b879,anemia_06,2024-04-23,dizziness,4
7e1a238a,anemia_06,2024-04-24,fatigue,2
85ac12a3,anemia_06,2024-04-24,headache,2
a888b10a,anemia_06,2024-04-24,heavy_bleeding,4
1c4635b8,anemia_06,2024-04-24,dizziness,5
7a8eb5ef,anemia_06,2024-04-25,fatigue,4
55f89af9,anemia_06,2024-04-25,headache,2
e4b0d286,anemia_06,2024-04-25,cramps,2
001f18d6,anemia_06,2024-04-25,dizziness,2
9bbf7c7e,anemia_06,2024-04-26,fatigue,5
b3555889,anemia_06,2024-04-26,heavy_bleeding,2
3875a2b6,anemia_06,2024-04-27,fatigue,3
abfe7218,anemia_06,2024-04-27,heavy_bleeding,4
db012b1d,anemia_06,2024-04-27,cramps,2
4b70611d,anemia_06,2024-04-28,fatigue,5
9406e0e7,anemia_06,2024-04-28,headache,5
518e39b8,anemia_06,2024-05-19,fatigue,2
3022d54a,anemia_06,2024-05-19,heavy_bleeding,5
733de2b6,anemia_06,2024-05-19,cramps,5
29fa5297,anemia_06,2024-05-20,headache,2
024bc220,anemia_06,2024-05-20,heavy_bleeding,2
5481de66,anemia_06,2024-05-21,fatigue,3
c963a497,anemia_06,2024-05-21,headache,2
6799043b,anemia_06,2024-05-21,cramps,2
9b680bdf,anemia_06,2024-05-22,fatigue,4
f7e1608f,anemia_06,2024-05-22,heavy_bleeding,3
c32c4cca,anemia_06,2024-05-22,dizziness,5
4ed7f685,anemia_06,2024-05-23,fatigue,3
45841fd7,anemia_06,2024-05-23,heavy_bleeding,5
06d4eadc,anemia_06,2024-05-24,headache,5
7c402bb3,anemia_06,2024-05-24,heavy_bleeding,3
4aa13926,anemia_06,2024-05-24,dizziness,2
733a95a4,anemia_06,2024-05-25,fatigue,4
6c85c1ea,anemia_06,2024-05-25,heavy_bleeding,2
a9a60423,anemia_06,2024-05-26,fatigue,2
45cc0ade,anemia_06,2024-05-26,heavy_bleeding,4
3607405c,anemia_06,2024-05-27,fatigue,5
313af400,anemia_06,2024-05-27,heavy_bleeding,3
56869747,anemia_06,2024-05-28,fatigue,2
a51aa3d5,anemia_06,2024-05-28,cramps,2
433adfcf,anemia_06,2024-05-28,dizziness,2
dd4ac438,anemia_06,2024-06-12,fatigue,3
1fa902c9,anemia_06,2024-06-12,headache,5
21583ef5,anemia_06,2024-06-12,heavy_bleeding,5
030f3f5f,anemia_06,2024-06-12,cramps,4
ca742ce4,anemia_06,2024-06-12,dizziness,4
764769e7,anemia_06,2024-06-13,fatigue,2
4e521b65,anemia_06,2024-06-13,cramps,2
9757ca9a,anemia_06,2024-06-14,fatigue,3
79f355ff,anemia_06,2024-06-14,headache,3
432b5567,anemia_06,2024-06-14,heavy_bleeding,3
0fda45cb,anemia_06,2024-06-15,fatigue,3
e84fbd54,anemia_06,2024-06-15,heavy_bleeding,4
edf6caa5,anemia_06,2024-06-15,cramps,3
9b9364d2,anemia_06,2024-06-15,dizziness,3
c8a77bdb,anemia_06,2024-06-16,fatigue,5
b70f5655,anemia_06,2024-06-16,headache,5
8daa66a0,anemia_06,2024-06-16,heavy_bleeding,4
65880d7b,anemia_06,2024-06-16,dizziness,2
19f04849,anemia_06,2024-06-17,fatigue,3
317e3c8e,anemia_06,2024-06-17,heavy_bleeding,3
ef785e0f,anemia_06,2024-06-17,cramps,4
8e8d4b66,anemia_06,2024-06-18,heavy_bleeding,4
ba180b4c,anemia_06,2024-06-18,cramps,3
3c7dba8f,anemia_06,2024-06-19,fatigue,2
58813864,anemia_06,2024-06-19,heavy_bleeding,2
687c9eea,anemia_06,2024-06-19,cramps,5
7a77912d,anemia_06,2024-06-19,dizziness,2
4fbc5ae4,anemia_06,2024-06-20,fatigue,3
07c0344f,anemia_06,2024-06-20,heavy_bleeding,2
9162413e,anemia_06,2024-06-21,fatigue,4
4a2826ec,anemia_06,2024-06-21,headache,5
a2a86465,anemia_06,2024-06-21,heavy_bleeding,3
be3a7999,anemia_06,2024-06-21,dizziness,2
089096dd,anemia_06,2024-06-22,fatigue,4
e8872946,anemia_06,2024-06-22,heavy_bleeding,2
06f6c055,anemia_06,2024-06-22,cramps,2
47b84270,anemia_06,2024-06-23,fatigue,4
2f691258,anemia_06,2024-06-23,headache,4
f3ffdc8a,anemia_06,2024-06-23,heavy_bleeding,5
03f6cc8f,anemia_06,2024-06-23,cramps,4
829e609e,anemia_06,2024-06-23,dizziness,2
7f6de4b2,anemia_06,2024-07-11,fatigue,5
19f58cc8,anemia_06,2024-07-11,headache,2
7bd5066d,anemia_06,2024-07-11,cramps,3
ce2d5e0a,anemia_06,2024-07-12,fatigue,2
7024b1b1,anemia_06,2024-07-12,headache,2
a7aa34d6,anemia_06,2024-07-12,heavy_bleeding,5
cc65ee32,anemia_06,2024-07-12,cramps,3
363ea3c0,anemia_06,2024-07-13,fatigue,4
79f0d32e,anemia_06,2024-07-13,headache,3
29db2e71,anemia_06,2024-07-13,heavy_bleeding,3
0399f239,anemia_06,2024-07-13,cramps,4
0d390fb6,anemia_06,2024-07-14,fatigue,2
47cab6f1,anemia_06,2024-07-14,heavy_bleeding,5
9ff13cee,anemia_06,2024-07-15,fatigue,4
fd258c66,anemia_06,2024-07-15,heavy_bleeding,3
719105d3,anemia_06,2024-07-15,dizziness,3
ca5ab9a8,anemia_06,2024-07-16,fatigue,3
1fb642df,anemia_06,2024-07-16,headache,4
b5f25d59,anemia_06,2024-07-16,heavy_bleeding,2
05208726,anemia_06,2024-07-16,cramps,4
650390c7,anemia_06,2024-07-16,dizziness,2
89510ca1,anemia_06,2024-07-17,fatigue,5
76f96f32,anemia_06,2024-07-17,heavy_bleeding,4
f113daa2,anemia_06,2024-07-17,dizziness,4
6a47ec8c,anemia_06,2024-07-18,fatigue,5
7818d089,anemia_06,2024-07-19,fatigue,5
205e44a0,anemia_06,2024-07-19,headache,2
e7e76f25,anemia_06,2024-07-19,cramps,4
56e5eafa,anemia_06,2024-07-20,fatigue,2
7d00c65a,anemia_06,2024-07-20,heavy_bleeding,2
64243042,anemia_06,2024-07-20,cramps,5
27c0f917,anemia_06,2024-07-20,dizziness,5
6aad9b6d,anemia_06,2024-07-21,fatigue,2
2da475cc,anemia_06,2024-07-21,headache,4
55eac3ac,anemia_06,2024-07-21,cramps,3
c08c57d4,anemia_06,2024-07-21,dizziness,2
0d3ca55d,anemia_06,2024-07-22,fatigue,5
1e8e56e7,anemia_06,2024-07-22,heavy_bleeding,3
c46fb675,anemia_06,2024-08-07,fatigue,5
1d664bae,anemia_06,2024-08-07,headache,5
cf14460d,anemia_06,2024-08-07,heavy_bleeding,4
16b7695c,anemia_06,2024-08-07,cramps,4
838b42ff,anemia_06,2024-08-08,fatigue,5
e54513c4,anemia_06,2024-08-08,heavy_bleeding,5
b8904608,anemia_06,2024-08-08,dizziness,5
cc26c9f8,anemia_06,2024-08-09,fatigue,5
699aa8ed,anemia_06,2024-08-09,headache,5
4cce5e30,anemia_06,2024-08-09,heavy_bleeding,2
d306bd3d,anemia_06,2024-08-09,cramps,3
7cbba898,anemia_06,2024-08-09,dizziness,4
4e929c68,anemia_06,2024-08-10,fatigue,4
d7dcbdd3,anemia_06,2024-08-10,headache,3
5f0e5385,anemia_06,2024-08-10,heavy_bleeding,5
3f9941bc,anemia_06,2024-08-10,dizziness,4
35fd3f69,anemia_06,2024-08-11,fatigue,4
7ea153cf,anemia_06,2024-08-11,headache,2
8f59bafe,anemia_06,2024-08-11,heavy_bleeding,2
09d42742,anemia_06,2024-08-11,dizziness,2
9dfa45c5,anemia_06,2024-08-12,fatigue,5
573f47ac,anemia_06,2024-08-12,headache,3
beef7c39,anemia_06,2024-08-12,heavy_bleeding,5
93d8dbd7,anemia_06,2024-08-12,dizziness,2
3803bf17,anemia_06,2024-08-13,fatigue,2
6a6fdd0f,anemia_06,2024-08-13,heavy_bleeding,3
d44fae83,anemia_06,2024-08-13,cramps,5
7a08059b,anemia_06,2024-08-14,fatigue,4
85737787,anemia_06,2024-08-14,headache,4
8b022d57,anemia_06,2024-08-14,heavy_bleeding,2
69c4cb48,anemia_06,2024-08-14,dizziness,3
b252a2f2,anemia_06,2024-08-15,fatigue,5
9aaf6525,anemia_06,2024-08-15,dizziness,2
efe5b7f1,anemia_06,2024-08-16,fatigue,5
34166f24,anemia_06,2024-08-16,headache,5
71425e72,anemia_06,2024-08-16,heavy_bleeding,3
72f06b9e,anemia_06,2024-08-16,cramps,4
73d4d220,anemia_06,2024-08-17,heavy_bleeding,3
e492e326,anemia_06,2024-08-17,cramps,4
9a6d929c,anemia_06,2024-08-17,dizziness,5
ee523d17,anemia_06,2024-08-18,fatigue,4
aebdb9b5,anemia_06,2024-08-18,headache,3
7c450d8b,anemia_06,2024-08-18,cramps,5
f72793c0,anemia_06,2024-08-18,dizziness,3
b0e91363,anemia_06,2024-08-19,fatigue,5
f1d85d46,anemia_06,2024-08-19,headache,2
efd0ff44,anemia_06,2024-08-19,heavy_bleeding,5
14a9e60a,anemia_06,2024-08-19,dizziness,4
31cc3b82,anemia_06,2024-08-20,fatigue,2
bb7e555c,anemia_06,2024-08-20,headache,3
d67d09c2,anemia_06,2024-08-20,heavy_bleeding,5
5269ac8e,anemia_06,2024-08-20,dizziness,2
697c381c,anemia_06,2024-09-06,fatigue,2
ccd3576b,anemia_06,2024-09-06,heavy_bleeding,4
a0308aec,anemia_06,2024-09-06,cramps,2
1843b3c7,anemia_06,2024-09-06,dizziness,5
14a105a9,anemia_06,2024-09-07,fatigue,4
e67b6e41,anemia_06,2024-09-07,heavy_bleeding,2
577b3d9e,anemia_06,2024-09-07,cramps,4
e76e14b0,anemia_06,2024-09-08,fatigue,5
2ec3efea,anemia_06,2024-09-08,headache,4
39502a75,anemia_06,2024-09-08,heavy_bleeding,2
343ccacd,anemia_06,2024-09-09,fatigue,2
89fbb270,anemia_06,2024-09-09,headache,3
40959c72,anemia_06,2024-09-09,heavy_bleeding,3
6edf6945,anemia_06,2024-09-09,cramps,3
4213ca55,anemia_06,2024-09-09,dizziness,4
ad52ab3b,anemia_06,2024-09-10,fatigue,3
8d8a8551,anemia_06,2024-09-10,cramps,3
1336328e,anemia_06,2024-09-10,dizziness,4
06377703,anemia_06,2024-09-11,fatigue,2
230aefb3,anemia_06,2024-09-11,heavy_bleeding,4
839df640,anemia_06,2024-09-11,cramps,5
2d9a8b20,anemia_06,2024-09-11,dizziness,2
368cde8f,anemia_06,2024-09-12,fatigue,3
45d19813,anemia_06,2024-09-12,heavy_bleeding,3
adbc8cf0,anemia_06,2024-09-12,cramps,4
d5a09778,anemia_06,2024-09-13,fatigue,5
599f690d,anemia_06,2024-09-13,headache,5
dd54a5d9,anemia_06,2024-09-13,heavy_bleeding,3
c6faae8a,anemia_06,2024-09-13,cramps,5
6a799e83,anemia_06,2024-09-13,dizziness,2
90363ccb,anemia_06,2024-09-14,fatigue,2
b73900b7,anemia_06,2024-09-14,headache,5
fe8a8dee,anemia_06,2024-09-14,heavy_bleeding,5
f30d4a26,anemia_06,2024-09-14,cramps,4
c5463520,anemia_06,2024-09-14,dizziness,3
84ee7eae,anemia_06,2024-09-15,fatigue,5
34e10a61,anemia_06,2024-09-15,headache,5
92e2e023,anemia_06,2024-09-15,cramps,4
75a4c27f,anemia_06,2024-09-15,dizziness,2
dfb0d6fc,anemia_06,2024-09-16,fatigue,3
e6f37905,anemia_06,2024-09-16,heavy_bleeding,5
a95db5b8,anemia_06,2024-09-16,cramps,3
344c83a4,anemia_06,2024-09-16,dizziness,2
f7bbeb2d,anemia_06,2024-09-17,fatigue,2
8823c71a,anemia_06,2024-09-17,headache,3
c04c8e83,anemia_06,2024-09-17,dizziness,3
0c6cc2ce,anemia_06,2024-10-03,fatigue,4
5455298d,anemia_06,2024-10-03,headache,3
41993b7e,anemia_06,2024-10-03,heavy_bleeding,3
008c2aaa,anemia_06,2024-10-04,fatigue,5
4d1555ee,anemia_06,2024-10-04,headache,3
7f3cb20d,anemia_06,2024-10-04,heavy_bleeding,4
7c89b87a,anemia_06,2024-10-05,fatigue,3
a414ddfe,anemia_06,2024-10-05,headache,5
b8825e6a,anemia_06,2024-10-06,fatigue,2
ee414a2c,anemia_06,2024-10-06,headache,3
53bc76d9,anemia_06,2024-10-06,heavy_bleeding,3
01696cad,anemia_06,2024-10-06,cramps,2
6f8f31a2,anemia_06,2024-10-07,fatigue,4
c31346fa,anemia_06,2024-10-07,headache,3
86050cb0,anemia_06,2024-10-07,heavy_bleeding,4
4a132f26,anemia_06,2024-10-08,fatigue,2
431f0130,anemia_06,2024-10-08,headache,3
815813f1,anemia_06,2024-10-08,heavy_bleeding,3
a0cf8ab1,anemia_06,2024-10-09,fatigue,5
01541afd,anemia_06,2024-10-09,heavy_bleeding,4
b0190fef,anemia_06,2024-10-10,dizziness,3
1605c99c,anemia_06,2024-10-11,fatigue,5
fbc64c7e,anemia_06,2024-10-11,headache,4
a162602d,anemia_06,2024-10-11,heavy_bleeding,4
56591315,anemia_06,2024-10-11,cramps,4
029179a5,anemia_06,2024-10-11,dizziness,5
9439251f,anemia_06,2024-10-12,fatigue,2
d89bf1a9,anemia_06,2024-10-12,headache,5
dfd7fbe1,anemia_06,2024-10-12,heavy_bleeding,4
5fb99450,anemia_06,2024-10-12,cramps,2
918dbf07,anemia_06,2024-10-13,fatigue,5
17a30432,anemia_06,2024-10-13,heavy_bleeding,3
5bee11a9,anemia_06,2024-10-13,cramps,3
82946f48,anemia_06,2024-10-13,dizziness,2
02efd216,anemia_06,2024-10-14,fatigue,2
9a5303b1,anemia_06,2024-10-14,headache,3
49cd1b44,anemia_06,2024-10-14,heavy_bleeding,2
6390c021,anemia_06,2024-10-30,fatigue,3
055b4f2d,anemia_06,2024-10-30,headache,3
61590cf7,anemia_06,2024-10-30,heavy_bleeding,2
f9189d97,anemia_06,2024-10-31,fatigue,4
9ea15c10,anemia_06,2024-10-31,heavy_bleeding,2
2d37da3c,anemia_06,2024-10-31,dizziness,5
144ea279,anemia_06,2024-11-01,fatigue,3
7f724e18,anemia_06,2024-11-01,headache,5
4a13ef85,anemia_06,2024-11-01,heavy_bleeding,2
8f52d201,anemia_06,2024-11-01,cramps,3
aac4dd03,anemia_06,2024-11-02,headache,3
2211842c,anemia_06,2024-11-02,heavy_bleeding,3
750f5434,anemia_06,2024-11-02,cramps,3
a2d43840,anemia_06,2024-11-02,dizziness,3
d28636db,anemia_06,2024-11-03,fatigue,2
838ea9a4,anemia_06,2024-11-03,headache,2
a9b2a6ef,anemia_06,2024-11-03,heavy_bleeding,5
c0075fce,anemia_06,2024-11-03,cramps,3
55ad9b96,anemia_06,2024-11-04,fatigue,4
fadde926,anemia_06,2024-11-04,heavy_bleeding,5
de9038d1,anemia_06,2024-11-04,cramps,3
566d1fd8,anemia_06,2024-11-04,dizziness,3
7dcc5f6a,anemia_06,2024-11-05,fatigue,5
6eb150f3,anemia_06,2024-11-05,headache,5
d786a4de,anemia_06,2024-11-05,cramps,4
c23adc5b,anemia_06,2024-11-06,fatigue,4
370f98f3,anemia_06,2024-11-06,headache,5
6b29e658,anemia_06,2024-11-06,heavy_bleeding,4
89c05916,anemia_06,2024-11-06,cramps,5
6ee0abe3,anemia_06,2024-11-07,headache,2
eef62e34,anemia_06,2024-11-07,cramps,3
6467cc9d,anemia_06,2024-11-07,dizziness,5
c93ef392,anemia_06,2024-11-08,fatigue,2
a7b02dc7,anemia_06,2024-11-08,headache,3
b03619c3,anemia_06,2024-11-08,heavy_bleeding,3
7ced5df7,anemia_06,2024-11-08,cramps,3
7e932971,anemia_06,2024-11-09,fatigue,4
6eed490c,anemia_06,2024-11-09,headache,3
d76febf7,anemia_06,2024-11-09,heavy_bleeding,5
5e7cc83d,anemia_06,2024-11-10,fatigue,3
31e6fc65,anemia_06,2024-11-10,heavy_bleeding,5
f55bac8d,anemia_06,2024-11-30,fatigue,4
435b055f,anemia_06,2024-11-30,headache,3
b6076cf1,anemia_06,2024-11-30,heavy_bleeding,5
1ac05eb7,anemia_06,2024-11-30,cramps,3
56e29dd6,anemia_06,2024-11-30,dizziness,3
a50a01ea,anemia_06,2024-12-01,heavy_bleeding,2
4ddd1558,anemia_06,2024-12-01,cramps,4
634051db,anemia_06,2024-12-01,dizziness,3
19f7401e,anemia_06,2024-12-02,fatigue,2
41ab8f01,anemia_06,2024-12-02,headache,5
c7c6750b,anemia_06,2024-12-02,heavy_bleeding,4
6e400d69,anemia_06,2024-12-03,fatigue,2
efd0ea38,anemia_06,2024-12-03,heavy_bleeding,3
29430212,anemia_06,2024-12-03,cramps,3
c42a8392,anemia_06,2024-12-03,dizziness,3
d104ae87,anemia_06,2024-12-04,fatigue,4
a549f08c,anemia_06,2024-12-04,headache,2
24a22fd2,anemia_06,2024-12-04,heavy_bleeding,3
3f6ead03,anemia_06,2024-12-04,cramps,3
86f5417d,anemia_06,2024-12-05,fatigue,4
4d879982,anemia_06,2024-12-05,headache,5
11618d2a,anemia_06,2024-12-06,fatigue,5
7daaaae7,anemia_06,2024-12-06,headache,4
ce14ea55,anemia_06,2024-12-07,fatigue,3
b54e505b,anemia_06,2024-12-07,headache,5
a6e60ac6,anemia_06,2024-12-07,heavy_bleeding,4
dd76ff9e,anemia_06,2024-12-07,dizziness,2
f9418832,anemia_06,2024-12-08,fatigue,2
25b59743,anemia_06,2024-12-08,heavy_bleeding,4
ec964383,anemia_06,2024-12-08,cramps,4
033dfa92,anemia_06,2024-12-09,fatigue,3
c5326f6f,anemia_06,2024-12-09,headache,5
b878c2bc,anemia_06,2024-12-09,heavy_bleeding,3
e580f2ef,anemia_06,2024-12-10,fatigue,5
541f9995,anemia_06,2024-12-10,headache,5
58a18c39,anemia_06,2024-12-10,cramps,5
5758a1df,anemia_06,2024-12-11,fatigue,4
0eac124c,anemia_06,2024-12-11,headache,5
6fec9241,anemia_06,2024-12-11,heavy_bleeding,4
ccba71a0,anemia_06,2024-12-11,cramps,2
27c97d18,anemia_06,2024-12-11,dizziness,3
a0307e3e,anemia_06,2024-12-24,fatigue,5
26fd888a,anemia_06,2024-12-24,heavy_bleeding,3
1dd8ef65,anemia_06,2024-12-24,cramps,2
194b5e6c,anemia_06,2024-12-25,fatigue,3
fed1dc2a,anemia_06,2024-12-25,heavy_bleeding,4
3ed6f30f,anemia_06,2024-12-25,dizziness,2
c2c4526c,anemia_06,2024-12-26,fatigue,2
e254f187,anemia_06,2024-12-26,cramps,5
131924c4,anemia_06,2024-12-26,dizziness,4
dc1c28e2,anemia_06,2024-12-27,headache,5
2573fb11,anemia_06,2024-12-27,heavy_bleeding,2
86b07410,anemia_06,2024-12-28,fatigue,2
23c8392e,anemia_06,2024-12-28,heavy_bleeding,4
4aff47a5,anemia_06,2024-12-28,cramps,3
ae5680fd,anemia_06,2024-12-28,dizziness,4
b6622e3d,anemia_06,2024-12-29,fatigue,4
44cbc5a8,anemia_06,2024-12-29,heavy_bleeding,3
79c2e950,anemia_06,2024-12-29,dizziness,5
24c8274c,anemia_06,2024-12-30,fatigue,3
6f67c39d,anemia_06,2024-12-30,headache,5
8f3fde37,anemia_06,2024-12-30,heavy_bleeding,4
09f3a87a,anemia_06,2024-12-30,dizziness,2
73031e7b,anemia_06,2024-12-31,fatigue,3
2e6c0f9b,anemia_06,2024-12-31,headache,4
67b25090,anemia_06,2024-12-31,heavy_bleeding,4
4da36fa1,anemia_06,2024-12-31,cramps,2
4272625a,anemia_06,2024-12-31,dizziness,2
dca07e00,anemia_06,2025-01-01,fatigue,5
cb3b24ab,anemia_06,2025-01-01,headache,2
44f98de4,anemia_06,2025-01-01,heavy_bleeding,4
9626dd2a,anemia_06,2025-01-01,cramps,2
a7d74a35,anemia_06,2025-01-02,fatigue,4
e1be3a9a,anemia_06,2025-01-02,headache,5
faab3fcf,anemia_06,2025-01-02,heavy_bleeding,5
908b5507,anemia_06,2025-01-02,cramps,5
62df1eba,anemia_06,2025-01-02,dizziness,5
f91410b5,anemia_06,2025-01-20,fatigue,3
1bd6381b,anemia_06,2025-01-20,headache,3
95810e7f,anemia_06,2025-01-20,heavy_bleeding,2
a66beb11,anemia_06,2025-01-20,cramps,2
474bee75,anemia_06,2025-01-21,fatigue,2
acb2c7f7,anemia_06,2025-01-21,headache,4
a05e4d38,anemia_06,2025-01-22,fatigue,5
816453fc,anemia_06,2025-01-22,heavy_bleeding,3
d644445c,anemia_06,2025-01-22,cramps,5
240343ed,anemia_06,2025-01-22,dizziness,2
500ead4c,anemia_06,2025-01-23,fatigue,4
c97cb591,anemia_06,2025-01-24,fatigue,3
b0302798,anemia_06,2025-01-24,heavy_bleeding,4
80ed8ac1,anemia_06,2025-01-24,dizziness,2
66d0e1e1,anemia_06,2025-01-25,fatigue,3
8d000124,anemia_06,2025-01-25,headache,5
e5411d78,anemia_06,2025-01-25,heavy_bleeding,4
bfe0b381,anemia_06,2025-01-25,cramps,2
a2b7459e,anemia_06,2025-01-25,dizziness,2
80bd3204,anemia_06,2025-01-26,fatigue,4
7221f106,anemia_06,2025-01-26,heavy_bleeding,2
ee637d6c,anemia_06,2025-01-26,dizziness,2
748a6674,anemia_06,2025-01-27,fatigue,4
1015818a,anemia_06,2025-01-27,heavy_bleeding,4
f97fa632,anemia_06,2025-01-27,cramps,5
37d18a95,anemia_06,2025-01-27,dizziness,5
f050d072,anemia_06,2025-01-28,fatigue,4
c45dfbd5,anemia_06,2025-01-28,heavy_bleeding,4
7b6428c5,anemia_06,2025-01-28,cramps,4
96955ea5,anemia_06,2025-01-29,fatigue,2
1327e6ea,anemia_06,2025-01-29,heavy_bleeding,3
034cb8cd,anemia_06,2025-02-15,fatigue,5
77cfdf2e,anemia_06,2025-02-15,headache,4
27881f45,anemia_06,2025-02-15,heavy_bleeding,2
5b934bd1,anemia_06,2025-02-16,fatigue,5
bc790b17,anemia_06,2025-02-16,heavy_bleeding,4
e8830dae,anemia_06,2025-02-16,dizziness,2
ee274cfe,anemia_06,2025-02-17,fatigue,5
6d7d9b77,anemia_06,2025-02-17,heavy_bleeding,4
6bd97a8b,anemia_06,2025-02-18,fatigue,4
c71a4f22,anemia_06,2025-02-18,headache,2
3db364bc,anemia_06,2025-02-18,cramps,3
8af71c0f,anemia_06,2025-02-19,fatigue,3
ef8dbd60,anemia_06,2025-02-19,headache,3
13316487,anemia_06,2025-02-19,heavy_bleeding,2
e8eb1f05,anemia_06,2025-02-19,cramps,4
a864a431,anemia_06,2025-02-19,dizziness,3
f154e28b,anemia_06,2025-02-20,fatigue,2
ecea45d3,anemia_06,2025-02-20,headache,5
60cf1b9d,anemia_06,2025-02-20,heavy_bleeding,2
87fe5bf4,anemia_06,2025-02-21,fatigue,4
3152bb5a,anemia_06,2025-02-21,heavy_bleeding,3
c72de115,anemia_06,2025-02-21,cramps,2
5d9b1813,anemia_06,2025-02-22,heavy_bleeding,3
53298b45,anemia_06,2025-02-23,fatigue,2
2d78bccf,anemia_06,2025-02-23,heavy_bleeding,4
bfc81560,anemia_06,2025-02-23,dizziness,2
6297c984,anemia_06,2025-02-24,fatigue,5
1bd5e164,anemia_06,2025-02-24,heavy_bleeding,3
ed60151c,anemia_06,2025-02-25,fatigue,5
a3774e37,anemia_06,2025-02-25,heavy_bleeding,2
f95f7be2,anemia_06,2025-02-25,cramps,4
c5a84c39,anemia_06,2025-03-13,fatigue,3
782664a8,anemia_06,2025-03-13,headache,4
e82a4916,anemia_06,2025-03-13,heavy_bleeding,5
610d602b,anemia_06,2025-03-13,cramps,5
f529def2,anemia_06,2025-03-14,fatigue,5
a0850dc2,anemia_06,2025-03-14,heavy_bleeding,2
c011db78,anemia_06,2025-03-14,cramps,2
74c10708,anemia_06,2025-03-15,fatigue,3
045ce709,anemia_06,2025-03-15,heavy_bleeding,4
565518ec,anemia_06,2025-03-15,cramps,5
5c641c4d,anemia_06,2025-03-16,fatigue,3
3f7a5977,anemia_06,2025-03-16,heavy_bleeding,2
5a90c117,anemia_06,2025-03-16,cramps,2
56ce37c5,anemia_06,2025-03-17,fatigue,4
d9b0d481,anemia_06,2025-03-17,heavy_bleeding,3
5a215870,anemia_06,2025-03-17,dizziness,3
6ccb97dc,anemia_06,2025-03-18,fatigue,2
924efbb7,anemia_06,2025-03-18,heavy_bleeding,3
879e0510,anemia_06,2025-03-18,cramps,3
efa0c18d,anemia_06,2025-03-19,fatigue,5
1bf7bcfc,anemia_06,2025-03-19,headache,5
891cd106,anemia_06,2025-03-19,heavy_bleeding,2
0b70d8ec,anemia_06,2025-03-19,cramps,3
dee25d39,anemia_06,2025-03-20,heavy_bleeding,5
849fff2a,anemia_06,2025-03-21,fatigue,5
01978f3a,anemia_06,2025-03-21,heavy_bleeding,2
123b8993,anemia_06,2025-03-22,fatigue,4
96d6330f,anemia_06,2025-03-22,headache,3
b272cafa,anemia_06,2025-03-22,heavy_bleeding,3
58feae40,anemia_06,2025-03-23,headache,5
31ab051c,anemia_06,2025-03-23,heavy_bleeding,5
19e32b02,anemia_06,2025-03-23,cramps,5
0e6a33c6,anemia_06,2025-03-23,dizziness,3
c8469249,anemia_06,2025-03-24,fatigue,4
9a4e3c7c,anemia_06,2025-03-24,headache,5
fefcb6ab,anemia_06,2025-03-24,heavy_bleeding,5
70209761,anemia_06,2025-03-24,cramps,4
3486e377,anemia_06,2025-03-24,dizziness,2
d9cf312e,anemia_06,2025-04-07,heavy_bleeding,3
5ab3b3aa,anemia_06,2025-04-07,cramps,3
20e91e4b,anemia_06,2025-04-07,dizziness,2
5ced910c,anemia_06,2025-04-08,fatigue,4
06d7ba8c,anemia_06,2025-04-08,cramps,2
3448b753,anemia_06,2025-04-09,fatigue,2
c26f5c3b,anemia_06,2025-04-09,heavy_bleeding,5
4394af16,anemia_06,2025-04-09,cramps,2
12813e6d,anemia_06,2025-04-09,dizziness,3
848c2f18,anemia_06,2025-04-10,fatigue,2
6e4523fc,anemia_06,2025-04-10,headache,2
4700200e,anemia_06,2025-04-10,heavy_bleeding,2
69dd34be,anemia_06,2025-04-11,fatigue,3
f646f29a,anemia_06,2025-04-11,headache,4
cfe21b6e,anemia_06,2025-04-11,heavy_bleeding,3
c7b72516,anemia_06,2025-04-11,cramps,2
f7294a7a,anemia_06,2025-04-12,fatigue,2
5190279f,anemia_06,2025-04-12,heavy_bleeding,5
6a364855,anemia_06,2025-04-12,cramps,4
5e21b5ca,anemia_06,2025-04-12,dizziness,2
96ba53e5,anemia_06,2025-04-13,fatigue,5
7b037b7d,anemia_06,2025-04-13,headache,3
0354c0b0,anemia_06,2025-04-13,heavy_bleeding,2
7dd1f7f0,anemia_06,2025-04-13,cramps,5
7dc6851c,anemia_06,2025-04-13,dizziness,3
b7857ee9,anemia_06,2025-04-14,fatigue,4
be3b1463,anemia_06,2025-04-14,headache,3
d0fdf2e8,anemia_06,2025-04-14,cramps,3
f1b49e2e,anemia_06,2025-04-15,fatigue,5
d41a807b,anemia_06,2025-04-15,headache,5
782ce421,anemia_06,2025-04-15,heavy_bleeding,4
1c3182b4,anemia_06,2025-04-16,fatigue,3
737dea27,anemia_06,2025-04-16,heavy_bleeding,2
f19ad181,anemia_06,2025-04-16,dizziness,5
828cb2a5,anemia_06,2025-05-09,fatigue,2
f149b86f,anemia_06,2025-05-09,headache,3
42562e19,anemia_06,2025-05-09,heavy_bleeding,2
3f2c7a05,anemia_06,2025-05-10,fatigue,2
55a61fa9,anemia_06,2025-05-10,heavy_bleeding,3
d5b16d78,anemia_06,2025-05-11,fatigue,3
ffda6413,anemia_06,2025-05-11,heavy_bleeding,2
c1a9dd85,anemia_06,2025-05-12,fatigue,2
8bb252e3,anemia_06,2025-05-12,heavy_bleeding,4
76b945c3,anemia_06,2025-05-12,cramps,5
6c4da8b0,anemia_06,2025-05-12,dizziness,2
02a4058b,anemia_06,2025-05-13,fatigue,5
f0c900da,anemia_06,2025-05-13,headache,4
bab0267c,anemia_06,2025-05-13,cramps,3
06d91d89,anemia_06,2025-05-14,fatigue,5
c0c570e9,anemia_06,2025-05-14,heavy_bleeding,3
3ac890b1,anemia_06,2025-05-14,cramps,3
7cc69bc9,anemia_06,2025-05-15,fatigue,5
946962e4,anemia_06,2025-05-15,headache,2
6b3dcbf2,anemia_06,2025-05-15,heavy_bleeding,4
a469ee75,anemia_06,2025-05-16,headache,5
9dca983f,anemia_06,2025-05-16,heavy_bleeding,3
ff131787,anemia_06,2025-05-16,cramps,4
259e682c,anemia_06,2025-05-17,fatigue,4
e8276207,anemia_06,2025-05-18,fatigue,5
b5d18042,anemia_06,2025-05-19,fatigue,5
4c19b430,anemia_06,2025-05-19,heavy_bleeding,2
237efd62,anemia_06,2025-05-19,cramps,3
6522da37,anemia_06,2025-05-19,dizziness,4
507362f0,anemia_06,2025-06-07,fatigue,3
277c8118,anemia_06,2025-06-07,heavy_bleeding,3
76dfb7a0,anemia_06,2025-06-07,cramps,2
43060e8c,anemia_06,2025-06-08,fatigue,4
c83e1e10,anemia_06,2025-06-08,headache,3
673d3fc1,anemia_06,2025-06-08,heavy_bleeding,5
6ce65394,anemia_06,2025-06-09,fatigue,2
8bea131f,anemia_06,2025-06-09,headache,3
8589a2e0,anemia_06,2025-06-09,heavy_bleeding,3
ea7f0b0c,anemia_06,2025-06-09,dizziness,3
2064de7a,anemia_06,2025-06-10,fatigue,3
e895b027,anemia_06,2025-06-10,heavy_bleeding,4
a866c382,anemia_06,2025-06-10,cramps,3
36cadcc6,anemia_06,2025-06-10,dizziness,2
7972e9ad,anemia_06,2025-06-11,fatigue,3
b24a2c1a,anemia_06,2025-06-11,headache,5
d5861b3d,anemia_06,2025-06-11,heavy_bleeding,2
79d38ee1,anemia_06,2025-06-12,fatigue,2
f1d07cd0,anemia_06,2025-06-12,headache,5
b5aa08bb,anemia_06,2025-06-12,cramps,5
020cb4bc,anemia_06,2025-06-13,fatigue,4
a4ac334b,anemia_06,2025-06-13,headache,4
1eb77edc,anemia_06,2025-06-13,cramps,3
36bcfd0f,anemia_06,2025-06-14,fatigue,4
95cef0c3,anemia_06,2025-06-14,headache,2
a31d0d46,anemia_06,2025-06-14,heavy_bleeding,4
24e35621,anemia_06,2025-06-15,fatigue,3
b69d5006,anemia_06,2025-06-15,heavy_bleeding,3
6b374816,anemia_06,2025-06-15,cramps,3
80b71bd7,anemia_06,2025-06-16,fatigue,5
0d281fc1,anemia_06,2025-06-16,heavy_bleeding,2
92afef11,anemia_06,2025-06-16,dizziness,5
d30a0b80,anemia_06,2025-06-17,headache,5
1e8fe5ac,anemia_06,2025-06-17,heavy_bleeding,3
b4d2f33c,anemia_06,2025-06-17,cramps,3
fad605cc,anemia_06,2025-06-29,fatigue,2
383cebb1,anemia_06,2025-06-29,headache,2
601affd2,anemia_06,2025-06-29,heavy_bleeding,4
0b5dc992,anemia_06,2025-06-30,fatigue,2
745f59a8,anemia_06,2025-06-30,headache,2
13a2f859,anemia_06,2025-06-30,heavy_bleeding,3
f9c16d68,anemia_06,2025-06-30,dizziness,4
54a76e41,anemia_06,2025-07-01,fatigue,2
1e6cd2a2,anemia_06,2025-07-01,headache,3
57f3c16c,anemia_06,2025-07-01,heavy_bleeding,4
54607f26,anemia_06,2025-07-01,cramps,2
c31a3e40,anemia_06,2025-07-02,fatigue,5
435fcae4,anemia_06,2025-07-02,heavy_bleeding,5
dce935b6,anemia_06,2025-07-03,fatigue,4
8c550ca7,anemia_06,2025-07-03,headache,4
6d6cb59b,anemia_06,2025-07-03,heavy_bleeding,3
5a38022f,anemia_06,2025-07-03,cramps,3
135ab05f,anemia_06,2025-07-04,fatigue,2
962e98f5,anemia_06,2025-07-04,cramps,5
76a8ae6f,anemia_06,2025-07-05,fatigue,4
c116cfe8,anemia_06,2025-07-05,headache,4
d54e7566,anemia_06,2025-07-05,heavy_bleeding,4
6dc7701f,anemia_06,2025-07-05,cramps,5
4a1ad2a3,anemia_06,2025-07-06,fatigue,5
8a0f3097,anemia_06,2025-07-06,heavy_bleeding,5
564a782a,anemia_06,2025-07-06,cramps,3
7eafb27c,anemia_06,2025-07-07,fatigue,2
1a689be0,anemia_06,2025-07-07,heavy_bleeding,2
09cc2911,anemia_06,2025-07-29,fatigue,2
7575c2da,anemia_06,2025-07-29,heavy_bleeding,3
9ec27719,anemia_06,2025-07-29,dizziness,3
71f97c97,anemia_06,2025-07-30,fatigue,4
ced3501a,anemia_06,2025-07-30,headache,3
cbf42fe4,anemia_06,2025-07-30,heavy_bleeding,4
3fe00824,anemia_06,2025-07-31,fatigue,5
b9a6e801,anemia_06,2025-07-31,headache,5
526c3794,anemia_06,2025-07-31,heavy_bleeding,5
e97ffc6b,anemia_06,2025-08-01,fatigue,4
8be30876,anemia_06,2025-08-01,headache,2
4c819e65,anemia_06,2025-08-01,heavy_bleeding,3
83708d37,anemia_06,2025-08-01,cramps,3
482303f1,anemia_06,2025-08-02,fatigue,5
a3a7da0c,anemia_06,2025-08-02,heavy_bleeding,3
81457990,anemia_06,2025-08-03,fatigue,5
528cec02,anemia_06,2025-08-03,headache,4
487e46af,anemia_06,2025-08-03,heavy_bleeding,3
45fcb8cc,anemia_06,2025-08-03,cramps,5
51f57dfa,anemia_06,2025-08-04,fatigue,2
5de41c1a,anemia_06,2025-08-04,heavy_bleeding,2
9d7c3801,anemia_06,2025-08-05,fatigue,5
36cdbe25,anemia_06,2025-08-05,heavy_bleeding,5
499c3054,anemia_06,2025-08-05,dizziness,3
0c0a1439,anemia_06,2025-08-06,headache,4
b5094066,anemia_06,2025-08-06,heavy_bleeding,5
ca9aae6a,anemia_06,2025-08-06,cramps,4
5dd0d39e,anemia_06,2025-08-06,dizziness,4
6ee70ec6,anemia_06,2025-08-07,fatigue,4
0e3ddb59,anemia_06,2025-08-08,fatigue,5
68d814a8,anemia_06,2025-08-08,headache,4
11127ba5,anemia_06,2025-08-08,heavy_bleeding,5
9bf6bbd3,anemia_06,2025-08-09,fatigue,2
f54152f9,anemia_06,2025-08-09,heavy_bleeding,2
b0dc4031,anemia_06,2025-08-09,cramps,4
